0 0.7376617381897221 0.6231229871175523 0.10798693519349788 0.16086956521739132
0 0.644344729646591 0.8126157849691148 0.11043192296855898 0.1891304347826087
0 0.8892509802435119 0.49920994363929144 0.10798693519349788 0.1347826086956522
0 0.7847286243673175 0.48682311006379136 0.08387563268257417 0.1066838046272494
0 0.8273895065075921 0.623712570218033 0.0723065798987708 0.11825192802056551
0 0.7518291305133767 0.8030184828144339 0.0947216196673897 0.1632390745501285
0 0.6408385303687635 0.9662575573645625 0.07809110629067248 0.06555269922879166
0 0.47200266630513377 0.9386225959249738 0.08893709327548809 0.11311053984575832
0 0.16433816883586402 0.38656604065505096 0.05929139551699203 0.11182519280205655
0 0.852335276572668 0.763815397981529 0.08315256688358635 0.11311053984575832
0 0.9712796005061459 0.6712704108349995 0.05639913232104116 0.16452442159383032
0 0.9094574746926971 0.648776837570218 0.07592190889370928 0.11696658097686378
0 0.7478522686189443 0.9546894339712462 0.08532176428054955 0.08354755784061689
