1 0.898623458252948 0.6350795420279634 0.0998370256866977 0.1702898771866508
1 0.669399629428778 0.8293680972103209 0.08026030368763556 0.12596401028277635
1 0.8082282628344178 0.6089310792154622 0.06290672451193054 0.1683804627249357
1 0.852696809472162 0.4848950894982387 0.0766449746926971 0.10796915167095118
1 0.7818363611713667 0.4733269661049225 0.05784526391901667 0.1233933161953727
0 0.7894285520607376 0.08579483242882986 0.10339840925524217 0.14010282776349614
0 0.8357047631959508 0.21175884271160622 0.07881417208966018 0.11696658097686373
0 0.8895731652205351 0.11985652908692754 0.05929139551699206 0.12082262210796915
0 0.9734487979031091 0.1976200252308864 0.052060737527114986 0.18894601542416453
0 0.674461090021692 0.19504933114348277 0.08749096167751264 0.1529562982005141
