0 0.3434074594611158 0.36044187192563665 0.05052972247956144 0.0847826086956522
0 0.43101954627250794 0.3401519947389858 0.04808473470450032 0.09202894127887229
0 0.07649629090798028 0.2184128477185629 0.0570497209693517 0.09492754728897758
0 0.3852347704266088 0.33450948538512804 0.0368763557483731 0.08740359897172235
0 0.3837886388286334 0.27345550080929254 0.04555314533622561 0.07326478149100256
0 0.34148928958785246 0.2657434185470818 0.041937816341287085 0.05784061696658098
0 0.47236419920462763 0.30623185042368845 0.028922631959508335 0.05655526992287916
0 0.6375847342733187 0.42833981957535944 0.04555314533622561 0.09511568123393314
0 0.6115543655097614 0.48168172188898417 0.0498915401301519 0.08868894601542418
0 0.6571075108459871 0.5305249095496524 0.04555314533622561 0.09640102827763491
0 0.6292694775849602 0.5658719532514519 0.03904555314533624 0.10282776349614393
