0 0.5705875859963963 0.4292824295215945 0.0664222176325642 0.0992754065472147
0 0.663700857994123 0.3180505509921703 0.07986957578029497 0.10869568534519364
0 0.21830557253463734 0.6350795420279635 0.05867970660146699 0.1094203119692595
0 0.45424693013558864 0.46334037842190023 0.054604751848066964 0.11086956521739127
0 0.20220941545133583 0.5166012479871176 0.08272211126126988 0.10434782608695649
0 0.2321605156958346 0.3973983604934865 0.054604751848066936 0.06884055759595788
0 0.6789820315882552 0.4151519947389858 0.07049717238596429 0.08985502823539404
0 0.16634958231458843 0.8716737338694206 0.07212713936430319 0.12753627611243207
0 0.714996408045977 0.22984919662309367 0.060000000000000026 0.1017156862745098
0 0.5088790220535068 0.46304418975530803 0.051337671728127234 0.12596401028277635
0 0.47634106109905994 0.3672858349995239 0.049891540130151846 0.09125964010282778
0 0.4043960140997831 0.4347665547938684 0.052060737527114986 0.09254498714652955
0 0.3671581254519161 0.3788539583928401 0.04410701373825017 0.10154241645244216
0 0.5059867588575561 0.2991624416833286 0.04410701373825017 0.09383033419023137
0 0.374750316341287 0.3068745239455394 0.05639913232104122 0.0784061696658098
0 0.39608075741142446 0.2651007450252309 0.03976861894432394 0.07712082262210798
0 0.45609521872740416 0.2599593568504237 0.05422993492407807 0.07712082262210798
