0 0.11902650432822144 0.7983705368190713 0.12633742344232252 0.19590652198122263
0 0.46902650432822146 0.7636482922886779 0.09300409010898919 0.17470764695552354
0 0.13809985632183908 0.6288611451525055 0.11310344827586206 0.11006433823529416
0 0.042927442528735635 0.7445550789760348 0.08413793103448276 0.1654411764705882
0 0.30809985632183906 0.6538688044662309 0.08758620689655175 0.1654411764705882
0 0.37223778735632185 0.7323001770152505 0.060000000000000026 0.11397058823529416
0 0.5694791666666668 0.8862140863289761 0.12068965517241381 0.22571997549019615
0 0.6694791666666667 0.8579129221132897 0.10551724137931029 0.19852941176470595
0 0.8253412356321839 0.6728639025054466 0.09586206896551724 0.14950980392156865
0 0.8187895114942527 0.5245795887799565 0.09931034482758616 0.15686274509803924
0 0.7260308908045977 0.5294815495642701 0.0917241379310345 0.19117647058823528
0 0.4598239942528735 0.5258050789760348 0.0986206896551724 0.18137254901960784
0 0.4184446839080459 0.6446776279956428 0.05172413793103446 0.125
0 0.3760308908045977 0.6079129221132897 0.04551724137931033 0.107843137254902
0 0.35258261494252874 0.5147756672113291 0.0689655172413793 0.12500000000000006
0 0.5174102011494254 0.6483540985838779 0.060689655172413856 0.13725490196078433
0 0.24465158045977012 0.6085256672113291 0.06689655172413793 0.13112745098039216
1 0.04120330459770115 0.42592762799564277 0.08344827586206896 0.153186274509804
1 0.16465158045977013 0.41122174564270153 0.10689655172413792 0.13602941176470584
0 0.3056860632183908 0.40019233387799563 0.09103448275862072 0.17034313725490194
0 0.4105136494252874 0.43756978485838777 0.0703448275862069 0.09558823529411761
0 0.5718929597701149 0.6704129221132897 0.05931034482758619 0.18872549019607848
0 0.6825826149425287 0.39467762799564277 0.06689655172413786 0.12009803921568626
0 0.9294791666666666 0.6716384123093682 0.10137931034482754 0.17156862745098037
0 0.9743067528735632 0.8499472358387801 0.050344827586206856 0.1433823529411765
0 0.6156860632183907 0.3683295887799564 0.05862068965517236 0.09681372549019608
1 0.4597105477223427 0.296591747595925 0.06579898770788144 0.19922879177377895
0 0.7717134399855387 0.4148436756164905 0.0766449746926971 0.08611825192802053
0 0.6242080169920463 0.2606020303722745 0.08676789587852494 0.12467866323907449
0 0.038762419595681136 0.6407330814270152 0.06891798759476224 0.07475490196078433
1 0.20554394957500577 0.2185517088779956 0.17780840799448658 0.3088235294117647
0 0.7892793045026419 0.8355860226034858 0.13094417643004827 0.28308823529411775
0 0.8898995663909948 0.8325222971132897 0.10475534114403863 0.16666666666666669
0 0.9529595250402022 0.9648177934368192 0.09303928325292905 0.06851256127450983
0 0.6600580777624626 0.6652428853485838 0.10130944176430046 0.18504901960784317
0 0.6345584223524007 0.5077673951525055 0.0778773259820813 0.12009803921568626
0 0.7117465684585345 0.12112523828976034 0.07512060647829083 0.08700980392156862
