0 0.7482566727791362 0.37819547299985534 0.05745721271393644 0.11159415867017662
0 0.833423771815467 0.5368911251737685 0.09739196329653114 0.14927540654721466
0 0.5220953035859821 0.4256592300587039 0.06234718826405873 0.1253622967263927
0 0.9359095218226302 0.5274708463757894 0.08394460514880038 0.12028987718665086
0 0.46513354121475053 0.3859233671332 0.06652205350686913 0.12082262210796915
0 0.5276787328271872 0.5588025445110921 0.055676066522053466 0.10925449871465295
0 0.8179896511207518 0.42319843140055224 0.0723065798987708 0.08997429305912595
0 0.8957192245119305 0.42127041083499955 0.08315256688358635 0.10154241645244216
0 0.97164113340564 0.39363544939541084 0.055676066522053466 0.12853470437017994
0 0.7210988340563991 0.9643496203465677 0.0737527114967462 0.06944890745501292
