0 0.2947114591590739 0.7358041686520295 0.09983698837914504 0.14420285432235058
0 0.12233982101726457 0.7923259077824641 0.09576203362574497 0.14420285432235058
0 0.07792253066780322 0.9248666686520293 0.13162182945493967 0.14841481084408958
0 0.44833819724333995 0.6517462197517236 0.06397722985750308 0.13695652173913045
0 0.9418182174073261 0.7097172121302903 0.08272211126126988 0.14855068040930708
0 0.1687945887434259 0.5097172121302902 0.08516706172877826 0.11376807171365487
0 0.30530641240226414 0.5937751610305958 0.08924205378973102 0.11086956521739132
0 0.3984196843999911 0.5734853501865063 0.08149961737373931 0.13695652173913045
0 0.21553705777624627 0.6805615127995643 0.09166092350103376 0.12254901960784316
0 0.4891414685274524 0.5635271990740741 0.07236388697450036 0.11887254901960784
0 0.6497203796232484 0.3944095520152506 0.04617505168849073 0.0894607843137255
0 0.6986521508155294 0.4115664147603486 0.05031013094417638 0.0625
0 0.6683282362738341 0.45936053240740743 0.04755341144038591 0.06740196078431375
0 0.40506152366184245 0.4636497480936819 0.08063404548587183 0.09558823529411767
0 0.31994780898231107 0.4740664147603486 0.07994486560992418 0.08455882352941176
0 0.1641931570181484 0.6070321010348584 0.09786354238456237 0.07598039215686281
0 0.08459288134619802 0.5788458265250545 0.08201240523776707 0.071078431372549
0 0.34441369457845167 0.2920811206427016 0.05031013094417644 0.08823529411764708
0 0.04117454916149781 0.7191644539760349 0.07925568573397657 0.14093137254901966
