0 0.24275546893902494 0.7347172121302903 0.11572940891704236 0.16086956521739132
0 0.17877827638907462 0.9202244806212889 0.11572940891704232 0.13913043478260878
0 0.3218100612301504 0.882543299086812 0.07986961308784762 0.16811589780061137
0 0.36459734729372006 0.7108041686520294 0.10105948226667559 0.17101453698199734
0 0.4595443787765192 0.6647896980125932 0.09698449020572279 0.1543478260869566
0 0.620098588441384 0.6350795420279634 0.10105944495912288 0.1992753402046536
0 0.6891694930868607 0.8955867773476817 0.10391198044009779 0.19855068040930718
0 0.44161448086192184 0.9013838898540505 0.10920950369613387 0.17246379023012917
0 0.5249478017594044 0.8187751610305959 0.07049717238596429 0.1304347826086957
0 0.5439619252873562 0.6679619417211329 0.06275862068965511 0.1348039215686275
0 0.6094791666666667 0.7825452750544661 0.07931034482758624 0.1433823529411765
0 0.5849964080459771 0.9332805691721133 0.09379310344827588 0.12622549019607837
