0 0.12128987253448109 0.7662067829749272 0.11687241542486498 0.16959066558302488
0 0.15524050865644287 0.5735898350646854 0.10740740740740738 0.13377192982456146
0 0.3554462762526524 0.719057626705653 0.06172843273775079 0.13377192982456135
0 0.7767205459770116 0.8799717456427015 0.15034482758620685 0.23774509803921579
0 0.8267205459770115 0.5564423338779956 0.10689655172413796 0.18627450980392157
0 0.8298239942528736 0.7243344907407407 0.10758620689655167 0.16666666666666669
0 0.7122377873563219 0.5644080201525055 0.11931034482758622 0.22426470588235292
0 0.6274102011494254 0.6857315495642702 0.11379310344827592 0.21200980392156865
0 0.4512033045977012 0.7641629221132897 0.11586206896551723 0.18014705882352938
0 0.3529274425287356 0.47862370642701524 0.06689655172413793 0.12867647058823534
0 0.40741020114942533 0.6311972358387801 0.060000000000000026 0.11029411764705883
0 0.6005136494252874 0.36955507897603485 0.07379310344827582 0.16053921568627452
0 0.944996408045977 0.7463933142701524 0.10896551724137933 0.21323529411764702
0 0.05189295977011494 0.6887952750544661 0.07448275862068965 0.12254901960784316
1 0.45534123563218387 0.264775667211329 0.09793103448275862 0.16911764705882354
0 0.6784446839080459 0.41183449074074074 0.06551724137931032 0.1225490196078431
1 0.08016882183908046 0.37813351034858383 0.10620689655172416 0.13357843137254902
0 0.2508584770114943 0.5497021377995642 0.06413793103448277 0.12622549019607837
0 0.3046515804597701 0.6354864515250545 0.08758620689655175 0.09681372549019603
0 0.5187895114942529 0.9057070397603487 0.07586206896551725 0.1838235294117648
0 0.7774979663774404 0.41612902266019225 0.07809110629067248 0.11696658097686373
0 0.701576057483731 0.37178454965248026 0.05495300072306577 0.10796915167095113
0 0.622761885394071 0.5343809506807579 0.08532176428054955 0.14781491002570693
0 0.5464784436008676 0.47846835427972956 0.0845986984815618 0.15938303341902316
0 0.6412000632682575 0.2034040869275445 0.08749096167751264 0.19023136246786634
0 0.5121328181489515 0.3518616704751023 0.08098336948662327 0.17352185089974295
1 0.38885009942154736 0.13785138769875274 0.07447577729573389 0.15681233933161956
0 0.5247864696312364 0.10507503808435684 0.09038322487346354 0.12724935732647816
0 0.817989651120752 0.13528069361134915 0.09399855386840202 0.08226221079691516
0 0.7359216829356472 0.23875113062934403 0.08459869848156186 0.17609254498714655
0 0.9427185014461316 0.5234555008092926 0.0730296456977585 0.14395886889460152
0 0.3075051970354302 0.35507503808435686 0.0882140274765004 0.15938303341902316
0 0.27569030187997107 0.277311541940398 0.06652205350686913 0.12982005141388173
1 0.19036853759942152 0.3261547296010664 0.12292118582791033 0.26606683804627246
0 0.06925501626898048 0.5832241383414263 0.06724511930585682 0.09125964010282772
0 0.6386935016080865 0.9090579895152505 0.12060647829083386 0.18003216911764713
0 0.9050615236618424 0.9090579895152505 0.11991729841488627 0.18003216911764713
0 0.4526149351022284 0.5145075912309368 0.11233631977946246 0.18749999999999994
0 0.37301465943027795 0.5806840618191721 0.05926946933149555 0.09926470588235298
