0 0.64189974187153 0.8329056289844851 0.10798693519349788 0.1398550945779552
0 0.44235696854663775 0.6693423902694469 0.048445408532176396 0.06298200514138823
0 0.22073730115690526 0.8904220817861562 0.12002892263195948 0.17095115681233924
0 0.6809686822125813 0.6892652694468246 0.06724511930585682 0.04627249357326483
0 0.7243526301518438 0.9335012912977245 0.11641359363702103 0.1311455655526992
0 0.602516043022415 0.9733470496524803 0.10556760665220537 0.0514540488431877
0 0.342935421185828 0.09093622060363706 0.04916847433116415 0.060411311053984576
0 0.24351387382501807 0.5157434185470817 0.060014461315979754 0.14652956298200512
0 0.24532153832248735 0.4174143697038941 0.04916847433116412 0.07326478149100256
0 0.24929840021691974 0.347362955822146 0.03687635574837307 0.08997429305912595
0 0.19145313629790314 0.4161290226601923 0.04121475054229936 0.09383033419023137
0 0.16433816883586405 0.3788539583928401 0.04338394793926247 0.09640102827763497
0 0.15674597794649311 0.3152292797296011 0.04844540853217642 0.08740359897172235
0 0.22435263015184378 0.30044778872703043 0.05206073752711496 0.06812339331619537
0 0.22146036695589294 0.24967658050080932 0.06218365871294287 0.0616966580976864
0 0.1737380242227043 0.5221701537655908 0.05639913232104122 0.09768637532133674
0 0.10576983911785973 0.4495480457964391 0.05495300072306578 0.09383033419023132
0 0.11263896420824294 0.3364375059506808 0.038322487346348515 0.08611825192802058
0 0.80280526934201 0.7888796653337141 0.09399855386840202 0.15552699228791778
