0 0.45647507655767744 0.7464699074074075 0.08600818021797837 0.18859649122807023
0 0.5482446364414545 0.8802419041564821 0.10329220618730713 0.20760238379762877
0 0.906886574074074 0.6430342572009586 0.1358024691358024 0.19078947368421045
0 0.7659401222511574 0.8064114836456716 0.12469135802469135 0.24122813709995208
0 0.10947916666666666 0.7868344907407407 0.12206896551724136 0.15441176470588236
0 0.12568606321839082 0.6275207652505448 0.1117241379310345 0.09803921568627451
0 0.03327227011494253 0.7102413534858388 0.06482758620689655 0.09926470588235298
0 0.35775502873563214 0.7292364515250545 0.05862068965517242 0.10539215686274514
0 0.4056860632183908 0.6311972358387801 0.051034482758620686 0.09313725490196081
0 0.3601688218390804 0.5981090005446623 0.04137931034482758 0.08823529411764702
0 0.3422377873563218 0.5080354711328976 0.060689655172413794 0.10906862745098037
0 0.29499640804597704 0.6520305691721132 0.07793103448275863 0.11519607843137253
0 0.44568606321839077 0.5086482162309368 0.09655172413793102 0.142156862745098
0 0.5046515804597701 0.6299717456427014 0.07517241379310349 0.13970588235294118
0 0.7963757183908046 0.6385501770152506 0.08896551724137929 0.13725490196078433
0 0.8636170977011494 0.7782560593681918 0.07448275862068965 0.11029411764705883
0 0.9532722701149424 0.7917364515250545 0.09103448275862067 0.08823529411764702
0 0.7880998563218391 0.500682529956427 0.08068965517241378 0.15073529411764708
0 0.7022377873563217 0.5117119417211329 0.08827586206896558 0.16053921568627447
0 0.2663757183908046 0.5117119417211329 0.0620689655172414 0.08455882352941176
0 0.38672054597701144 0.4148982162309368 0.07103448275862068 0.10661764705882351
0 0.608099856321839 0.4810746868191721 0.06551724137931032 0.09191176470588235
0 0.23917547903109182 0.5935069146910407 0.07447577729573392 0.10925449871465295
0 0.2977438087490962 0.40327555222317424 0.08749096167751266 0.14781491002570693
0 0.2547213937093275 0.31330125916404833 0.0665220535068691 0.14267352185089974
0 0.5967315166305134 0.3576457321717605 0.06652205350686913 0.10796915167095118
0 0.6715688268257411 0.37306989669618207 0.09038322487346354 0.1362467866323908
1 0.28617475596529285 0.06653471032086071 0.1193058568329718 0.13492127249357327
0 0.7478522686189443 0.38528069361134915 0.07086044830079541 0.10668380462724936
0 0.7550829266088215 0.1597022874416833 0.07519884309472158 0.061696658097686374
0 0.027678732827187275 0.6307819789583928 0.0549530007230658 0.08354755784061699
0 0.6452407104295889 0.8319095520152505 0.09510682288077194 0.17279411764705885
0 0.6428285808637721 0.6376693559368192 0.09441764300482423 0.15686274509803919
0 0.5721876435791409 0.6903654343681918 0.07580978635423842 0.12009803921568621
1 0.09045091029175281 0.3153654343681917 0.1819434872501723 0.39950980392156854
0 0.9305611790719046 0.9476609306917211 0.13232253618194356 0.10282628676470595
0 0.695895431311739 0.1039683755446623 0.06685044796691943 0.09191176470588237
