0 0.4636767352068865 0.758896852608545 0.09547322591145833 0.18859649122807023
0 0.8190265043282213 0.6741015198170325 0.08600825557002309 0.14327487610934075
0 0.11696888488016009 0.7906950982225801 0.13045266233844519 0.1864035087719298
0 0.14292744252873563 0.6293590005446623 0.10758620689655171 0.10906862745098037
0 0.03775502873563218 0.7427168436819171 0.07655172413793103 0.15931372549019604
0 0.35327227011494255 0.5098737064270152 0.060689655172413794 0.11029411764705878
0 0.36982399425287354 0.7359766476034859 0.05931034482758619 0.12867647058823534
0 0.3063757183908046 0.6459031181917211 0.08137931034482758 0.1691176470588235
0 0.4198239942528736 0.6422266476034858 0.05310344827586206 0.09803921568627451
0 0.37396192528735633 0.6048491966230938 0.04413793103448279 0.08700980392156865
0 0.24189295977011493 0.6048491966230938 0.05586206896551724 0.11887254901960784
0 0.2725826149425287 0.5166139025054466 0.05931034482758619 0.09191176470588235
0 0.4577550287356322 0.5129374319172113 0.1 0.16789215686274503
0 0.5643067528735632 0.8917287922113291 0.11724137931034484 0.2146905637254902
0 0.9308584770114943 0.6728639025054466 0.11655172413793101 0.19117647058823534
0 0.8143067528735632 0.5196776279956428 0.09310344827586203 0.1593137254901961
0 0.6163757183908046 0.37139331427015243 0.06275862068965524 0.13725490196078427
0 0.7212033045977011 0.5423491966230938 0.1 0.20465686274509806
1 0.04051364942528735 0.43021684368191726 0.0806896551724138 0.14215686274509806
1 0.16051364942528734 0.4234766476034858 0.10413793103448275 0.09926470588235294
0 0.39913433908045975 0.3916139025054466 0.06827586206896552 0.1360294117647059
0 0.691548132183908 0.3830354711328976 0.06965517241379307 0.116421568627451
0 0.6660308908045977 0.8622021377995643 0.07931034482758624 0.18504901960784306
0 0.5132722701149425 0.6385501770152505 0.0703448275862069 0.13970588235294118
0 0.3064205983369487 0.39363544939541084 0.0947216196673897 0.16966580976863746
0 0.7254372288503254 0.2522472745882129 0.10701373825018076 0.15938303341902316
0 0.5349093908170643 0.13528069361134915 0.08893709327548809 0.14138817480719798
1 0.4506722252349964 0.2908076858992668 0.08966015907447578 0.18251928020565553
0 0.7677365780911063 0.38720871417690184 0.0730296456977585 0.11825192802056556
0 0.7738826373825017 0.18540922831571932 0.08966015907447572 0.11825192802056553
0 0.6513229844540853 0.23425241597638768 0.06435285610990604 0.1645244215938303
0 0.7892793045026418 0.830071316721133 0.14334941419710542 0.269607843137255
0 0.8850753072593615 0.8251693559368192 0.1075120606478291 0.15686274509803919
0 0.9453785464047783 0.9611413228485838 0.10820124052377669 0.07586550245098046
0 0.966053942683207 0.8392624931917211 0.0668504479669193 0.1433823529411765
0 0.6407610412359293 0.6382821010348584 0.10544452101998622 0.1875
1 0.17728757466115325 0.22406641476034858 0.17229496898690566 0.3051470588235294
0 0.040829959223524004 0.6376693559368192 0.07856650585802895 0.06862745098039216
0 0.5849374712841717 0.6897526892701524 0.09028256374913847 0.1482843137254902
