0 0.2920627161848322 0.24486215072361558 0.07579462102689491 0.14202900762143347
0 0.4277595377007246 0.6789201327952019 0.06275466135486708 0.1347826086956522
0 0.6366022559230465 0.6387027083195734 0.04930730320713626 0.08768118153447686
0 0.2107668726640498 0.31334039500754046 0.08109206966782549 0.14710146033245586
0 0.7576291507885723 0.7024708463757895 0.08353713205799203 0.1398550945779552
0 0.6850945383334608 0.657543299086812 0.042787286063569734 0.08333328910495925
0 0.935094501025908 0.8365288284473757 0.11165441685608961 0.17028994352921192
0 0.12091357193055344 0.18652879527609517 0.09046454767726163 0.14855074675186825
0 0.832812524871702 0.5347172121302903 0.06112469437652817 0.08260869565217396
0 0.36928356764466175 0.2684128643042032 0.06234718826405867 0.14710149350373647
0 0.9385582461430956 0.616238951260725 0.06234718826405867 0.10942024562669839
