0 0.6371334876543209 0.7230781168500814 0.12222222222222226 0.20760238379762888
0 0.7766396981698493 0.825782784058569 0.1329218358169367 0.23172512389065925
0 0.7786972987798997 0.5319231349357619 0.10987654320987658 0.14985382347776177
0 0.6060635790412808 0.5019523970100149 0.07901234567901234 0.1045321414345189
0 0.5375450228467399 0.7121132045693797 0.07366257655767748 0.15789473684210523
0 0.11010823391178597 0.09607760877844426 0.05350686912509037 0.08868894601542415
0 0.5808240690527839 0.18862259592497382 0.030368763557483785 0.04755784061696657
0 0.5616628253796095 0.07551205607921546 0.02675343456254519 0.042416452442159386
0 0.6014314443239335 0.14556346996096353 0.02964569775849597 0.07969151670951156
0 0.9250033893709327 0.10057632343140055 0.040491684743311634 0.056555269922879174
0 0.8635427964569776 0.025403604922403122 0.04483007953723792 0.0526590616966581
0 0.8805348427331888 0.07422670903551365 0.044107013738250225 0.055269922879177376
0 0.4955023047722342 0.8364375059506807 0.07664497469269703 0.12210796915167098
0 0.3816194414316703 0.8872087141769018 0.04555314533622561 0.1285347043701799
0 0.43765704085321766 0.9579228851280587 0.04338394793926247 0.08230237789203085
0 0.3830655730296457 0.9772030907835857 0.06869125090383227 0.04374196658097697
0 0.6697611623282718 0.9598509056936114 0.13449023861171364 0.07844633676092548
0 0.42572645516992047 0.6391367347424545 0.04844540853217646 0.10025706940874039
0 0.39174236261749823 0.7393938041511949 0.03976861894432394 0.10539845758354759
0 0.40945747469269705 0.6879799224031228 0.040491684743311634 0.06940874035989714
0 0.39788842190889373 0.5472344211177758 0.052060737527114986 0.08097686375321335
0 0.3707734544468547 0.623069896696182 0.042660882140274775 0.07069408740359896
0 0.3461892172812726 0.6911932900123774 0.042660882140274775 0.08097686375321335
0 0.3255818420101229 0.7753835213748453 0.04916847433116415 0.08226221079691516
