0 0.18013761543933254 0.450782784058569 0.09547322591145832 0.17909354494329086
0 0.13384131914303626 0.6083120126705653 0.08600825557002316 0.1315789473684211
0 0.27135190708604484 0.9392853529943826 0.1301518438177874 0.11957744215938312
0 0.06997808206796817 0.39684881700466534 0.11785972523499638 0.186375321336761
0 0.13758473427331888 0.2818102565933543 0.11424439624005785 0.19537275064267356
0 0.030932528922631958 0.2156148838427116 0.06290672451193058 0.14010282776349617
0 0.04539384490238611 0.7046894339712464 0.0918293564714389 0.21593830334190237
0 0.05298603579175704 0.5485197681614775 0.08821402747650037 0.134961439588689
0 0.17699182031814897 0.1577742668761306 0.0730296456977585 0.14781491002570693
0 0.0956469179320318 0.13463802008949827 0.09689081706435283 0.15552699228791775
0 0.05660136478669558 0.03632905479386842 0.09689081706435285 0.0745099614395887
