0 0.6807548993899497 0.6773909600389864 0.06460902838059408 0.16008771929824567
0 0.8110018129701968 0.7563383619222956 0.07489714445891202 0.14108189365320034
0 0.500925298264642 0.47011359849566786 0.07447577729573394 0.1041131105398457
0 0.44850302783803325 0.39170742882985815 0.05929139551699206 0.08354755784061699
0 0.5544321673897324 0.48039637484528225 0.052783803326102684 0.08611825192802053
0 0.5949238521330441 0.4945351923260022 0.051337671728127296 0.0784061696658098
0 0.8418508224873463 0.5375943182900124 0.07809110629067248 0.1336760925449872
0 0.8863193691250904 0.7034040869275444 0.08315256688358647 0.13367609254498708
0 0.8328125 0.6262832643054365 0.06579898770788144 0.0951156812339332
0 0.9246418564714389 0.6192138555650767 0.06724511930585682 0.11182519280205659
0 0.7720749728850326 0.4598308221460536 0.06724511930585682 0.11439588688946019
0 0.729052557845264 0.30237580929258306 0.0506146059291396 0.12082262210796915
0 0.7829209598698481 0.28438095068075786 0.06146059291395514 0.13110539845758354
0 0.7464061370209689 0.1494195110920689 0.0737527114967462 0.11311053984575835
0 0.6473461225596528 0.07744007664476817 0.0506146059291396 0.09254498714652955
0 0.6791610177151121 0.2239696396267733 0.05495300072306577 0.11568123393316196
0 0.8223280459146783 0.4045608992668761 0.07086044830079541 0.08868894601542418
0 0.926811053868402 0.501604601066362 0.08170643528561096 0.11825192802056561
0 0.9362109092552423 0.24967658050080926 0.06290672451193054 0.10025706940874034
0 0.8993345535068691 0.18540922831571935 0.06435285610990604 0.10282776349614399
0 0.8866809020245844 0.3788539583928401 0.05929139551699206 0.11696658097686373
0 0.8393200921908893 0.32808275016661903 0.052783803326102684 0.08483290488431876
0 0.010850634619802435 0.3349732775054466 0.022742935906271536 0.1495098039215686
0 0.9250477400643234 0.8827673951525055 0.10199862164024805 0.18627450980392155
