0 0.5575476636319211 0.7477606903911598 0.08516709903633099 0.16811589780061145
0 0.6492347051967133 0.8966737670407013 0.09331700854313117 0.1630435446034308
0 0.17164706826307177 0.5984853170152256 0.07457212713936431 0.12028987718665081
0 0.7714840566422169 0.5191374909282691 0.07457212713936426 0.15579707933508838
0 0.6422377873563219 0.7047266476034858 0.07862068965517241 0.1348039215686275
0 0.5936170977011492 0.5956580201525055 0.06275862068965511 0.11764705882352937
0 0.5080998563218391 0.6612217456427015 0.04482758620689656 0.1115196078431372
0 0.4601688218390805 0.6814423338779957 0.06620689655172415 0.12745098039215685
0 0.4784446839080459 0.8101188044662309 0.06689655172413793 0.15686274509803919
0 0.5353412356321838 0.5533786083877995 0.060689655172413794 0.10661764705882351
0 0.4222377873563218 0.6465158632897603 0.04827586206896554 0.09191176470588235
0 0.2925826149425287 0.5938197848583878 0.06344827586206894 0.09191176470588235
0 0.2925826149425287 0.6998246868191721 0.04827586206896554 0.09558823529411767
0 0.2343067528735632 0.6459031181917211 0.057241379310344814 0.09313725490196081
0 0.22947916666666668 0.5441874319172114 0.046206896551724136 0.07843137254901965
0 0.1891343390804598 0.4780109613289761 0.06758620689655173 0.11764705882352942
0 0.11775502873563218 0.5264178240740741 0.05999999999999999 0.09436274509803919
0 0.12568606321839082 0.4167364515250545 0.07724137931034482 0.09558823529411767
0 0.2760308908045977 0.5117119417211329 0.04689655172413794 0.08700980392156865
0 0.1808584770114942 0.7304619417211329 0.06620689655172413 0.107843137254902
0 0.10534123563218391 0.6973737064270153 0.08482758620689654 0.1348039215686275
0 0.2753412356321839 0.3799717456427016 0.04551724137931033 0.10294117647058824
0 0.2439619252873563 0.4259276279956427 0.05310344827586206 0.10171568627450983
0 0.2967205459770115 0.4712707652505447 0.03310344827586208 0.07230392156862749
0 0.37465158045977015 0.5925942946623094 0.04965517241379308 0.11397058823529416
0 0.7729274425287356 0.7751923338779957 0.04896551724137931 0.11887254901960784
0 0.7201688218390804 0.7378148828976034 0.0648275862068966 0.12254901960784316
0 0.6701688218390804 0.5705354711328976 0.07517241379310349 0.12132352941176469
0 0.4577550287356322 0.9523905569172114 0.06689655172413793 0.0933670343137255
0 0.5429274425287357 0.9345060593681918 0.08413793103448276 0.12377450980392153
0 0.49430675287356324 0.5147756672113291 0.0379310344827586 0.08088235294117649
0 0.6090236352133044 0.482324395410835 0.07953723788864787 0.11825192802056556
0 0.7482138015184381 0.636566040655051 0.06435285610990604 0.11053984575835477
0 0.847635348879248 0.7747408478529944 0.09110629067245123 0.13239074550128535
0 0.8169050524222704 0.6609876344853851 0.07736804049168479 0.14395886889460158
0 0.8451046185827911 0.604432364562506 0.06724511930585682 0.16195372750642678
0 0.7456830712219812 0.8814246524802438 0.07086044830079541 0.12982005141388173
0 0.7981053416485899 0.9148436756164906 0.06290672451193054 0.13239074550128535
0 0.19253773499638469 0.34993364990954967 0.0809833694866233 0.11311053984575836
0 0.236283215835141 0.296591747595925 0.057122198120028916 0.09383033419023137
0 0.2268833604483008 0.20276141340569362 0.057122198120028916 0.10411311053984576
0 0.17554568872017354 0.26124470389412546 0.052783803326102684 0.07969151670951158
0 0.1336078723788865 0.2014760663619918 0.07013738250180768 0.12724935732647816
0 0.17373802422270423 0.16227298152908692 0.05350686912509038 0.11825192802056556
0 0.1339694052783803 0.08836552651623346 0.07375271149674618 0.09897172236503857
0 0.05913209508315257 0.042735706464819584 0.08315256688358641 0.07969151670951158
0 0.1256541485900217 0.30623185042368845 0.06579898770788144 0.10282776349614399
0 0.08046253615328997 0.25353262163191476 0.05061460592913956 0.10796915167095118
0 0.054432167389732465 0.475897660192326 0.06652205350686913 0.14138817480719792
0 0.04792457519884309 0.7805249095496525 0.0549530007230658 0.12596401028277635
0 0.06419355567606652 0.6314246524802438 0.07013738250180766 0.089974293059126
0 0.06925501626898048 0.1629156550509378 0.06724511930585682 0.09897172236503855
0 0.061662825379609536 0.36728583499952394 0.053506869125090374 0.09897172236503857
0 0.44199543564714383 0.5555891769018376 0.06362979031091828 0.11053984575835477
0 0.4940561731742588 0.4508333928401409 0.05639913232104122 0.10411311053984576
0 0.682053280911063 0.4386225959249738 0.06362979031091835 0.059125964010282805
0 0.6834994125090382 0.4926071717604494 0.0694143167028199 0.059125964010282805
0 0.3429354211858279 0.6603449609635342 0.04483007953723792 0.10411311053984576
