0 0.15575464772517447 0.8028331762734627 0.09576199631819224 0.14202907396399456
0 0.2727065691835237 0.8502969333323113 0.06397719254995034 0.11811596414317257
0 0.24214420334148332 0.5495722735369647 0.07212713936430318 0.15144925324813183
0 0.10379865750512557 0.44232590778246406 0.0692746784984337 0.14420285432235058
0 0.16696084791213012 0.5191374909282691 0.0521597267654531 0.11376813805621604
0 0.18366825193919686 0.14993458684899766 0.08231460086290877 0.13768114836319637
0 0.19752319510039412 0.2763838898540504 0.054604714540514215 0.08768118153447692
0 0.13011143378732673 0.28616649854970244 0.05833054891124676 0.11159422501273779
0 0.34666744937912275 0.4484853170152256 0.03341484536168628 0.07101447063943611
0 0.26150036899656814 0.32276067380551937 0.057049739623128086 0.11376810488493548
0 0.2673750451916124 0.4276971460535085 0.05422993492407807 0.07326478149100256
0 0.19217620209689082 0.3756405907835856 0.07013738250180766 0.13367609254498714
0 0.2572521240057845 0.19954804579643912 0.05422993492407807 0.09511568123393317
0 0.26954424258857557 0.13335267304579643 0.03687635574837307 0.0681233933161954
0 0.3794502440347072 0.2985197681614777 0.03109182935647142 0.07197943444730079
0 0.47417186370209685 0.32808275016661903 0.03976861894432394 0.07455012853470439
0 0.10685443781634127 0.1757691254879558 0.05278380332610267 0.10154241645244216
0 0.03490939081706436 0.14042208178615634 0.06652205350686913 0.16966580976863752
0 0.0996237798264642 0.07551205607921546 0.049891540130151846 0.10925449871465298
0 0.9720026663051338 0.4276971460535085 0.05495300072306577 0.07326478149100256
0 0.9734487979031091 0.4893938041511949 0.0506146059291396 0.07583547557840621
0 0.7854516901663051 0.23875113062934397 0.031814895155459176 0.05526992287917736
0 0.7402600777295734 0.24003647767304578 0.03543022415039765 0.05526992287917736
0 0.6983222613882863 0.22525498667047514 0.03398409255242226 0.043701799485861205
0 0.6827763467100505 0.18283853422831572 0.027476500361532884 0.0334190231362468
0 0.7207373011569054 0.18733724888127198 0.03109182935647148 0.04241645244215938
0 0.8487199475777295 0.17833981957535944 0.03687635574837304 0.050128534704370196
0 0.5938392534345626 0.13720871417690186 0.028922631959508276 0.04241645244215938
0 0.7095297812725957 0.12564059078358564 0.027476500361532884 0.04755784061696657
0 0.6806071493130874 0.15391822574502526 0.026030368763557493 0.04241645244215938
0 0.7847286243673175 0.16291565505093783 0.031814895155459176 0.06555269922879177
0 0.7456830712219812 0.13528069361134915 0.03470715835140995 0.07712082262210798
0 0.8667965925524221 0.213044189755308 0.03543022415039765 0.06298200514138814
0 0.3986114877078814 0.12178454965248023 0.026030368763557493 0.06041131105398456
0 0.2771364334779465 0.02861697253165762 0.040491684743311634 0.0590857969151671
