0 0.12581661836600597 0.7530488547758283 0.1720164546260127 0.2675438596491228
0 0.3401688218390805 0.8965158632897603 0.11310344827586209 0.15808823529411767
0 0.36189295977011493 0.9633050789760348 0.14827586206896554 0.06862745098039207
0 0.44706537356321835 0.8046040985838779 0.06344827586206894 0.12132352941176469
0 0.43368017895878525 0.8859233671332 0.07881417208966018 0.11053984575835477
0 0.803752081897542 0.4783556304466231 0.078566505858029 0.11519607843137257
0 0.7648134189065013 0.3895075912309368 0.06409372846312884 0.09436274509803924
0 0.8313192769354467 0.36928700299564277 0.06891798759476218 0.11764705882352942
0 0.902304804158052 0.38276739515250546 0.09510682288077194 0.11519607843137257
0 0.9657093527452332 0.43362523828976035 0.06753962784286702 0.13112745098039216
0 0.9774254106363429 0.5616889637799565 0.044107512060647856 0.14460784313725486
