0 0.1005386675871186 0.6006592300587038 0.06764467421254201 0.09710142716117524
0 0.3126413570736712 0.4528331431021822 0.05093723287792251 0.11884055759595794
0 0.28411650591588355 0.8434128643042033 0.05990220048899758 0.13768111519191575
0 0.20220941545133583 0.431818672462746 0.0558272457355975 0.08985509457795521
0 0.5155753610575209 0.5571809691891387 0.059902200488997616 0.08985509457795521
0 0.6125598885707964 0.4278331431021822 0.0468622408169697 0.08768118153447692
0 0.3000089264537808 0.5546447262479872 0.05745721271393644 0.07608695652173912
0 0.1109298656311284 0.8010215599563771 0.07049713507841153 0.11811589780061146
0 0.1895769848314455 0.5995722735369649 0.0493072658995836 0.09057968803074051
0 0.2095443787765192 0.9002969665035918 0.05745721271393644 0.09927540654721459
0 0.6989494441871054 0.657543299086812 0.0387122566950642 0.06884062393851899
0 0.7973602021333156 0.5144273349436393 0.06519972374503358 0.10869565217391303
0 0.30895132863340563 0.7194709249738169 0.040491684743311634 0.09640102827763491
0 0.2648443148951555 0.7079028015805008 0.03759942154736079 0.08611825192802053
0 0.2304986894432393 0.7837382771589071 0.05422993492407807 0.10925449871465295
0 0.18241481381055677 0.7226842925830715 0.06362979031091828 0.10025706940874039
0 0.16542276753434565 0.8351521589069789 0.06869125090383224 0.13753213367609254
0 0.04575537780187997 0.9360719853851281 0.09255242227042661 0.12600417737789202
0 0.15096145155459148 0.9714190290869275 0.08893709327548809 0.05531008997429307
0 0.26086745300072306 0.9540467604493954 0.057122198120028916 0.07712082262210808
0 0.33570476319595083 0.9759177437398838 0.05929139551699206 0.046312660668380405
0 0.2706288412870571 0.6211418761306294 0.03904555314533621 0.0668380462724936
0 0.2673750451916124 0.43283853422831575 0.041214750542299325 0.06555269922879177
0 0.3566736713665944 0.4829670689326859 0.04338394793926247 0.08611825192802058
0 0.25074453181489514 0.5041752951537656 0.06001446131597973 0.05912596401028276
0 0.24242927512653653 0.5633012591640485 0.04772234273318873 0.0616966580976864
0 0.21676043926247288 0.6609876344853852 0.05422993492407807 0.10282776349614393
0 0.13143867498192335 0.6764117990098067 0.07881417208966017 0.11053984575835477
0 0.6722918926247289 0.24196449823859853 0.03398409255242226 0.06940874035989719
0 0.7417062093275487 0.2535326216319147 0.03109182935647148 0.053984575835475564
0 0.8017206706435286 0.3383655265162334 0.04989154013015178 0.07455012853470439
0 0.8357047631959508 0.40134753165762166 0.05856832971800436 0.10025706940874039
0 0.8617351319595082 0.5170287655907836 0.06435285610990604 0.10539845758354759
0 0.2926823481561822 0.07229868846996096 0.035430224150397704 0.056555269922879174
0 0.2261602946493131 0.08643750595068075 0.049891540130151846 0.07455012853470437
0 0.17843795191612435 0.10250434399695325 0.049891540130151846 0.10668380462724937
0 0.13180020788141722 0.03375836070646482 0.06073752711496748 0.06936857326478149
0 0.8975268890093999 0.7663860920689327 0.06652205350686913 0.11311053984575832
0 0.7655673806941432 0.14042208178615634 0.0253073029645698 0.05398457583547558
0 0.6271002801879971 0.10828840569361135 0.030368763557483785 0.051413881748071995
0 0.7764133676789589 0.029239562505950677 0.032537960954446866 0.037275064267352186
0 0.889934698120029 0.2111161691897553 0.03832248734634855 0.05655526992287916
0 0.8234126446131597 0.07808275016661904 0.02964569775849597 0.057840616966580966
0 0.8002745390455531 0.00933676687613063 0.02819956616052058 0.02052538560411311
0 0.9246418564714389 0.13913673474245453 0.03976861894432394 0.06940874035989718
0 0.8852347704266088 0.13142465248024376 0.04193781634128702 0.077120822622108
0 0.8953576916124367 0.06587195325145197 0.03759942154736085 0.05141388174807199
0 0.874750316341287 0.04787709463962677 0.03832248734634855 0.05141388174807199
0 0.9705565347071584 0.13656604065505093 0.033261026753434564 0.05398457583547558
0 0.9600720806218366 0.1841238812720175 0.03976861894432394 0.05141388174807197
0 0.7626751174981924 0.32165601494811 0.023861171366594408 0.05141388174807197
0 0.9770641268980477 0.28823699181186324 0.04483007953723792 0.08997429305912595
0 0.9184957971800434 0.4206277373131486 0.06218365871294284 0.10282776349614399
0 0.9752564624005785 0.39170742882985815 0.04699927693420101 0.08868894601542418
0 0.9553721529284166 0.4906791511948967 0.06218365871294284 0.08097686375321335
0 0.9210265274765003 0.5870801794725317 0.06435285610990604 0.12210796915167098
0 0.9329571131597976 0.6963346781871846 0.05929139551699206 0.08611825192802053
0 0.9680258044107013 0.6442781229172618 0.04555314533622561 0.0616966580976864
0 0.9532029555314532 0.8197279943825573 0.0477223427331887 0.08868894601542418
0 0.9774256597975416 0.7252549866704752 0.044107013738250225 0.0668380462724936
0 0.9788717913955169 0.5678200573645623 0.041214750542299325 0.08864877892030829
0 0.9405493040491685 0.21625755736456248 0.03543022415039765 0.05141388174807197
0 0.19398386659436012 0.03699181186327716 0.04916847433116412 0.07583547557840617
