0 0.435094501025908 0.8832679588821585 0.0986145317991672 0.16086956521739143
0 0.585257512646763 0.8868911251737686 0.06397722985750308 0.1202898108440897
0 0.7356242608130221 0.9364608936647671 0.08516702442122555 0.12522636081861424
0 0.6329274425287357 0.500682529956427 0.07103448275862073 0.10906862745098041
0 0.7167205459770114 0.11649135348583878 0.04413793103448273 0.08088235294117646
0 0.7712033045977011 0.11526586328976034 0.04551724137931039 0.061274509803921566
0 0.6656860632183907 0.1802168436819172 0.05241379310344823 0.07598039215686275
0 0.631203304597701 0.0778884123093682 0.04827586206896548 0.08455882352941177
0 0.057685963485177155 0.955352191040655 0.11496746203904555 0.08744376606683804
0 0.6708457610267533 0.09157889412548795 0.02964569775849597 0.06683804627249357
0 0.6983222613882863 0.038879665333714175 0.04989154013015178 0.061696658097686374
0 0.753636795010846 0.02990231957535942 0.05350686912509038 0.06165649100257069
0 0.7959361442516268 0.05751719746739027 0.04699927693420101 0.060411311053984576
0 0.7095297812725957 0.22268429258307154 0.04627621113521331 0.09254498714652958
0 0.958625949023861 0.03504370775016662 0.07447577729573389 0.07193926735218509
0 0.9759795281995662 0.32872542368847 0.044107013738250225 0.08097686375321339
0 0.8288356381055676 0.14749149052651625 0.0477223427331887 0.06812339331619538
0 0.7652058477946492 0.20854547510235172 0.04916847433116409 0.07197943444730079
