0 0.6424190462534116 0.6339925523349436 0.050345837355794266 0.07826086956521737
0 0.7443854545711404 0.6017461865804431 0.054604751848066964 0.094927514117697
0 0.5805712736420449 0.5887027083195734 0.057049739623128086 0.08768118153447686
0 0.5129265994295029 0.5970360305958132 0.044009779951100295 0.052173913043478244
0 0.4721768280501859 0.6021085164781163 0.03993475058259476 0.07101453698199733
0 0.49336673453656665 0.5307317159410069 0.039934825197700204 0.06159422501273774
0 0.6738883194927288 0.4705867773476815 0.04645476772616135 0.08768111519191579
0 0.4077921624094272 0.22203604718145353 0.03585979582919467 0.06449276468028195
0 0.3696910966967992 0.13326792571087775 0.045232311146183514 0.07101447063943615
0 0.7761703329544876 0.5118911251737684 0.04645476772616135 0.06594198475713312
0 0.6178573745192798 0.4053693860433336 0.05990220048899755 0.11811589780061146
0 0.5447114778128502 0.5108041686520293 0.057049739623128023 0.07391304347826089
0 0.4709543341626554 0.38435488223261693 0.03178484107579464 0.06159422501273779
0 0.7517204552038764 0.35102155995637707 0.03178484107579464 0.0471014935037364
0 0.3179388430221545 0.44232590778246406 0.028932342902372395 0.05
0 0.8863193691250904 0.6288539583928401 0.052783803326102684 0.11311053984575832
0 0.8125666576283441 0.7561033157193183 0.051337671728127296 0.10025706940874039
0 0.8310048355025307 0.5427357064648197 0.0694143167028199 0.13881748071979438
0 0.9842947848879248 0.38142465248024376 0.030368763557483785 0.10668380462724936
0 0.8913808297180044 0.2528899481100638 0.03832248734634855 0.0655526992287918
0 0.9665796728127259 0.23168172188898412 0.060014461315979754 0.0976863753213368
0 0.7821978940708605 0.4707562720175188 0.0498915401301519 0.059125964010282805
0 0.7257987617498193 0.5028899481100638 0.04699927693420101 0.07197943444730073
0 0.6892839389009401 0.5626585856421973 0.0477223427331887 0.08611825192802053
0 0.6307156091829356 0.5189567861563363 0.04916847433116409 0.10154241645244216
0 0.7308602223427331 0.4463346781871846 0.048445408532176396 0.07969151670951158
0 0.6928992678958785 0.4090596139198325 0.040491684743311634 0.08226221079691516
0 0.6560229121475054 0.3788539583928401 0.03470715835140995 0.07583547557840616
0 0.5764856742588574 0.4341238812720175 0.04338394793926253 0.10411311053984576
0 0.5334632592190889 0.4720416190612206 0.055676066522053466 0.07455012853470439
0 0.4835717190889371 0.4726842925830715 0.04555314533622561 0.07069408740359896
0 0.4553721529284165 0.5414503594211177 0.0253073029645698 0.07197943444730079
0 0.35486600686912506 0.3679285085213748 0.035430224150397704 0.05912596401028276
0 0.36824272415039766 0.2432498452823003 0.027476500361532884 0.07197943444730079
0 0.3306433026030369 0.1699850637912977 0.041937816341287085 0.08483290488431876
0 0.33678936189443237 0.09222156764733885 0.02675343456254519 0.047557840616966586
0 0.42355725777295733 0.16484367561649055 0.03398409255242226 0.06940874035989716
0 0.414518935285611 0.10893107921546225 0.03904555314533624 0.042416452442159365
0 0.23700628163412868 0.5202622167475959 0.0368763557483731 0.07073425449871475
0 0.624931082791034 0.251604601066362 0.031814895155459176 0.05526992287917738
0 0.6502383857556037 0.23103904836713318 0.027476500361532884 0.044987146529562975
0 0.7077221167751266 0.23682311006379134 0.032537960954446866 0.043701799485861205
0 0.5923931218365871 0.2213989455393697 0.028922631959508276 0.04884318766066837
0 0.6202311550976138 0.2040467604493954 0.0253073029645698 0.04241645244215938
0 0.6509614515545915 0.17319843140055224 0.027476500361532884 0.034704370179948596
0 0.6715688268257411 0.16355832857278874 0.02819956616052058 0.046272493573264774
0 0.5464784436008676 0.40199020517947254 0.02819956616052058 0.06555269922879177
0 0.5735934110629067 0.35507503808435686 0.027476500361532884 0.046272493573264774
0 0.39127792614289 0.06659092456427015 0.029634734665747745 0.04901960784313726
0 0.45950673386170454 0.20568406181917212 0.04479669193659544 0.08210784313725492
0 0.28859012462669426 0.19710563044662308 0.042039972432804974 0.08455882352941178
0 0.8337314065012635 0.08313504221132899 0.03790489317711921 0.07720588235294118
