0 0.790014158649209 0.6847009238676253 0.06584359628182869 0.14108182672868694
0 0.7282858012635032 0.5834582561173169 0.04691358024691361 0.10526315789473689
0 0.9029771216121721 0.6057535554465727 0.08189297899787805 0.1220760680081552
0 0.4247031501263496 0.9593030875544661 0.06202618883528602 0.07954197303921567
0 0.04289749885136687 0.4961252382897604 0.08683666436940041 0.1801470588235294
0 0.8127114202848612 0.8012722971132897 0.08132322536181948 0.1384803921568627
0 0.9646755829313118 0.7424487677015251 0.0696071674707099 0.12132352941176469
0 0.9736349213186308 0.9593030875544661 0.05168849069607167 0.07954197303921567
0 0.931250358947852 0.8649977873093682 0.11302549965541005 0.16299019607843135
0 0.8702579399264875 0.7228409245642702 0.08476912474155754 0.170343137254902
0 0.9595067338617046 0.3680615127995643 0.07994486560992418 0.11764705882352942
0 0.900581854468183 0.4661007284858388 0.12060647829083386 0.15931372549019604
0 0.8175356794164943 0.5788458265250545 0.07305306685044795 0.107843137254902
0 0.7606783396508157 0.5549487677015251 0.06133700895933837 0.09436274509803919
0 0.6841793734206296 0.5849732775054466 0.048931771192281204 0.08823529411764702
0 0.6945170715598439 0.49061053240740743 0.05306685044796697 0.1029411764705882
0 0.7696376780381347 0.4544585716230936 0.06133700895933837 0.07475490196078427
0 0.8258058379278658 0.4783556304466231 0.044107512060647856 0.07352941176470591
0 0.9133316821732139 0.1934291598583878 0.04548587181254303 0.05514705882352942
0 0.8509609033999541 0.2210026892701525 0.04341833218470015 0.06372549019607845
0 0.8306300970594992 0.3472281794662309 0.04272915230875256 0.08333333333333334
0 0.8144343699747301 0.17198308142701524 0.040661612680909676 0.06862745098039216
0 0.8430353348265565 0.131541904956427 0.03721571330117162 0.061274509803921566
