0 0.7585326771677275 0.5271716952556291 0.15020578643422067 0.20760231687311542
0 0.6075038957007137 0.4993939063237656 0.09835393458236877 0.12426905046429548
0 0.7160308908045977 0.8836482162309369 0.18896551724137928 0.21078431372549028
0 0.6915481321839081 0.6538688044662311 0.1027586206896552 0.1433823529411765
0 0.751203304597701 0.7463933142701524 0.11862068965517238 0.12990196078431368
0 0.8918929597701148 0.7280109613289761 0.1379310344827586 0.22303921568627452
0 0.6415615961677512 0.39877683757021803 0.08242950108459865 0.10796915167095113
0 0.5714242136659436 0.40263287870132347 0.07953723788864787 0.10796915167095118
0 0.3085897957339118 0.22011359849566792 0.03976861894432394 0.08483290488431876
0 0.3389585592913955 0.19890537227458824 0.035430224150397704 0.09125964010282778
0 0.3158204537237888 0.4090596139198324 0.06435285610990599 0.10282776349614399
0 0.22109883405639913 0.40777426687613066 0.10195227765726683 0.14138817480719798
0 0.48935624548083867 0.4341238812720175 0.07013738250180766 0.11439588688946013
1 0.8371508947939261 0.28630897124631055 0.10050614605929138 0.15295629820051412
0 0.98104098879248 0.7252549866704749 0.03398409255242226 0.2133676092544987
1 0.17522003503331038 0.6517624931917211 0.2453480358373536 0.2242647058823529
1 0.22725311566735584 0.5022526892701524 0.1164713990351482 0.13112745098039216
1 0.043931268665288306 0.9145726953976034 0.08890420399724328 0.16900275735294118
