0 0.6231548231602103 0.6350795420279636 0.04930730320713626 0.09927534020465359
0 0.5966674307253464 0.5013838566827699 0.06234718826405867 0.08260869565217391
0 0.5640676061603823 0.4281954729998554 0.06642214301745876 0.09710149350373645
0 0.535632456616052 0.49517786584785306 0.039768618944323875 0.089974293059126
0 0.5970930495300073 0.7567459892411692 0.03976861894432394 0.09640102827763491
0 0.20519138647866955 0.7586740098067218 0.04410701373825017 0.09768637532133674
0 0.1531306489515546 0.699548045796439 0.038322487346348515 0.09254498714652955
0 0.10685443781634127 0.6127871203465676 0.06579898770788142 0.1349614395886889
0 0.03960931851048445 0.6654863491383414 0.046999276934201015 0.10411311053984576
0 0.01827887744034707 0.38528069361134915 0.03759942154736081 0.08868894601542418
0 0.07214727946493131 0.18992802651623344 0.049891540130151846 0.08864877892030847
0 0.011048219450469993 0.14042208178615637 0.023138105567606652 0.09254498714652958
0 0.9777871926970353 0.8370801794725317 0.04338394793926253 0.10282776349614393
0 0.9662181399132321 0.9592082321717604 0.06652205350686913 0.0797316838046273
