0 0.43487013828607246 0.8184728536921868 0.09382716049382717 0.19371340567605536
0 0.4965985333478009 0.48769801104510274 0.06172839506172837 0.0862573322496916
0 0.4893562454808387 0.6359233671332001 0.06146059291395514 0.12982005141388173
0 0.22399109725234995 0.930910513662763 0.03253796095444684 0.10539845758354759
0 0.1625305043383948 0.8615017733028659 0.0368763557483731 0.09768637532133674
0 0.17771488611713662 0.8049465033799866 0.03543022415039768 0.08740359897172235
0 0.18530707700650761 0.7561033157193183 0.03181489515545914 0.07712082262210798
0 0.20229912328271873 0.7034040869275445 0.03543022415039768 0.0668380462724936
0 0.21712197216196671 0.6725557578787013 0.03904555314533621 0.07969151670951162
0 0.2525521963123644 0.6757691254879559 0.026030368763557493 0.06555269922879177
0 0.23013715654374547 0.7985197681614776 0.033261026753434564 0.04370179948586118
0 0.22869102494577004 0.7695994596781871 0.033261026753434564 0.05526992287917738
0 0.2402600777295734 0.7336097424545366 0.0361532899493854 0.060411311053984576
0 0.2825594269703543 0.9373573324288299 0.04989154013015182 0.12343348329048849
0 0.31148205892986264 0.7663860920689327 0.060014461315979754 0.13881748071979438
0 0.36209666485900216 0.8852806936113491 0.04555314533622561 0.17609254498714644
0 0.32088191431670277 0.898776837570218 0.060014461315979754 0.11311053984575832
0 0.3469122830802603 0.6539182257450252 0.058568329718004304 0.11953727506426733
0 0.38993469812002884 0.5350236242026087 0.05061460592913954 0.09768637532133674
0 0.39355002711496745 0.6391367347424545 0.05639913232104122 0.07455012853470433
0 0.4654950741142444 0.9604935792154623 0.10339840925524223 0.07716098971722365
0 0.572870345263919 0.929645250166619 0.09689081706435285 0.13885764781491006
0 0.558047496384671 0.7413218247167476 0.05567606652205352 0.14267352185089974
0 0.5840778651482286 0.6828385342283156 0.0498915401301519 0.08740359897172235
0 0.6328848065798989 0.8113732385984956 0.05784526391901667 0.14395886889460158
0 0.7073605838756326 0.6725557578787014 0.10267534345625447 0.1568123393316196
0 0.6683150307302964 0.5883655265162334 0.08242950108459865 0.12724935732647816
0 0.736283215835141 0.8730698966961821 0.146059291395517 0.1902313624678663
0 0.8400431579898769 0.6474914905265162 0.12798264642082427 0.21208226221079687
0 0.7594213214027477 0.49453519232600207 0.09399855386840202 0.11953727506426738
0 0.9532029555314533 0.5221701537655907 0.08098336948662327 0.15938303341902316
0 0.42283419197396954 0.5883655265162334 0.049891540130151846 0.10154241645244211
0 0.9626028109182935 0.8801393054365418 0.0737527114967462 0.23778920308483284
0 0.8667965925524223 0.38785138769875277 0.09182935647143893 0.13496143958868895
0 0.8643999109809327 0.8551938657407407 0.09786354238456241 0.16053921568627452
