0 0.15636589466893974 0.576021559956377 0.06519964912992818 0.10434782608695649
0 0.2800415325087071 0.6800070561456606 0.06805214730335042 0.11376813805621609
0 0.17083208477390233 0.8354418387543561 0.05990220048899755 0.09710142716117524
0 0.7943039674144892 0.796311437143028 0.0664222176325642 0.10869565217391308
0 0.10298365536217974 0.25029693333231123 0.054604714540514215 0.08768118153447692
0 0.18081577241955102 0.41370270831957345 0.08231456355535605 0.10144925324813182
0 0.7541654056713848 0.5738476469128989 0.05052972247956144 0.07101453698199733
0 0.23013715654374547 0.5967202823002952 0.05639913232104122 0.12082262210796915
0 0.17048422812725958 0.6969773517090354 0.060014461315979754 0.10539845758354759
0 0.21784503796095447 0.7278256807578787 0.04483007953723789 0.08740359897172235
0 0.26448278199566155 0.790165012377416 0.045553145336225585 0.09383033419023137
0 0.2088067154736081 0.5073886627630201 0.054229934924078106 0.07840616966580975
0 0.24279080802603037 0.41034496096353423 0.045553145336225585 0.07455012853470439
0 0.22471416305133765 0.3492909763876988 0.03976861894432394 0.07326478149100256
0 0.19326080079537236 0.27474084785299435 0.05929139551699206 0.06298200514138817
0 0.14879225415762837 0.3100878915547938 0.05133767172812726 0.07969151670951158
0 0.028763331525668834 0.28952233885556505 0.05567606652205351 0.10282776349614399
0 0.019725009038322486 0.39620614348281435 0.04049168474331164 0.14395886889460152
0 0.006709824656543745 0.6282112848709893 0.014461315979754157 0.11696658097686378
0 0.7464061370209689 0.8595737527373131 0.04483007953723792 0.08611825192802053
0 0.7778594992769342 0.4154863491383414 0.051337671728127296 0.10025706940874039
0 0.7995514732465653 0.34222156764733885 0.03543022415039765 0.08740359897172235
0 0.834981697396963 0.29466372703037225 0.055676066522053466 0.10282776349614399
0 0.8736657176428055 0.03504370775016662 0.05784526391901667 0.07193926735218509
0 0.9846563177874186 0.09607760877844425 0.02964569775849597 0.14267352185089974
