0 0.7317530426050263 0.2575432990868119 0.05052972247956144 0.12536236306895382
0 0.6233585597056146 0.06805053440652992 0.08394460514880049 0.08260869565217391
0 0.8034726715709684 0.135804152066389 0.07171959165838934 0.14710146033245586
0 0.7197318402751248 0.4387027083195735 0.06397722985750308 0.15144925324813183
0 0.7861747559652928 0.29723442111777587 0.0737527114967462 0.1748071979434447
0 0.7370062816341286 0.10250434399695324 0.05784526391901667 0.16323907455012854
0 0.47742565979754154 0.08386681186327716 0.04627621113521331 0.09254498714652955
0 0.49007931127982646 0.03373827715890698 0.03976861894432394 0.06426735218508997
0 0.525871068329718 0.022190237313148627 0.040491684743311634 0.0462323264781491
0 0.7185681037599422 0.7503192540226602 0.03832248734634855 0.05526992287917738
0 0.6668688991323211 0.7310390483671332 0.0477223427331887 0.06298200514138823
0 0.6795225506146058 0.7991624416833285 0.04699927693420101 0.08868894601542418
0 0.6187850234996385 0.8955634699609635 0.04555314533622561 0.06812339331619542
0 0.5121328181489515 0.8788539583928401 0.027476500361532884 0.04241645244215936
0 0.6534921818510484 0.6160004879558221 0.02964569775849597 0.06426735218508994
0 0.7890670191612437 0.023475584356850425 0.07086044830079541 0.0488030205655527
0 0.03237866052060737 0.36857118204322575 0.033984092552422275 0.07326478149100256
0 0.14300772776572668 0.3653578144339712 0.0441070137382502 0.05655526992287916
0 0.14336926066522052 0.4174143697038942 0.034707158351409986 0.050128534704370196
0 0.2532752621113521 0.4778256807578787 0.03470715835140995 0.05269922879177379
0 0.07793180585683297 0.5401650123774161 0.022415039768618944 0.05655526992287921
0 0.02731719992769342 0.49453519232600207 0.03976861894432393 0.060411311053984576
0 0.007794423355025308 0.4424786370560792 0.016630513376717282 0.04884318766066837
0 0.009602087852494577 0.11535781443397124 0.02024584237165582 0.06298200514138816
0 0.08480093094721619 0.6269259378272874 0.030368763557483722 0.05526992287917738
0 0.2843670914678236 0.4771830072360278 0.026030368763557493 0.03856041131105404
