0 0.6571808781581092 0.29413749092826913 0.06112469437652817 0.08985509457795515
0 0.6730733360035593 0.3926882045088567 0.07171966627349478 0.07826086956521743
0 0.5652901373554655 0.4064563425650728 0.07701711491442549 0.11594198475713316
0 0.45037571192759274 0.42928242952159457 0.05990220048899755 0.10942024562669844
0 0.21626809515793732 0.6021085164781163 0.06764463690498931 0.12318845002547558
0 0.16981332743177593 0.8231230534601137 0.06519964912992818 0.09710149350373645
0 0.20282066239510113 0.48363025560855105 0.09698449020572282 0.11376807171365493
0 0.23012303831913458 0.3843549154038975 0.06356968215158923 0.08043478260869566
0 0.5096020878524946 0.43026784014091213 0.048445408532176396 0.09897172236503862
0 0.40331141540130155 0.40713159335427973 0.035430224150397704 0.10411311053984576
0 0.36751965835140993 0.34993364990954967 0.041937816341287085 0.07969151670951158
0 0.37113498734634853 0.28052490954965253 0.04483007953723786 0.06426735218509
0 0.397165356109906 0.2432498452823003 0.0477223427331887 0.07969151670951155
0 0.5052636930585683 0.28181025659335424 0.051337671728127234 0.08483290488431876
0 0.7044683206796819 0.2303963748452823 0.0506146059291396 0.09511568123393314
0 0.4759795281995662 0.35057632343140055 0.05929139551699206 0.07583547557840616
0 0.456456751626898 0.2374657835856422 0.04627621113521331 0.07583547557840616
0 0.9198788909947164 0.9311168130446624 0.15920055134390076 0.1359145220588235
0 0.24965146163565363 0.27798798338779956 0.03997243280496212 0.057598039215686264
0 0.2558540805191822 0.23080661083877993 0.035837353549276356 0.05882352941176471
