0 0.07478780864197532 0.7852126086199726 0.056790123456790124 0.0979531940660979
0 0.35750385802469137 0.5761482922886779 0.04444444444444447 0.07163747151692709
0 0.12314172438633295 0.9248325028149937 0.09917696729118441 0.1286550153765762
0 0.6007137722439236 0.3780488882380852 0.033744830849729957 0.06725143968013296
0 0.13866933297180045 0.7991624416833285 0.05712219812002893 0.06812339331619542
0 0.11661582610267533 0.6776971460535085 0.06218365871294288 0.09768637532133674
0 0.10251604302241504 0.4405506164905265 0.05712219812002893 0.07583547557840621
0 0.15963824114244396 0.42191308435685043 0.04121475054229936 0.0668380462724936
0 0.21206051156905276 0.29209303294296873 0.04338394793926247 0.08997429305912595
0 0.2019375903832249 0.2104734956679044 0.03904555314533624 0.07583547557840616
0 0.1618074385394071 0.2278256807578787 0.03398409255242229 0.07455012853470439
0 0.33787396059291397 0.3409362206036371 0.04338394793926247 0.07197943444730079
0 0.493694640274765 0.3486483028658478 0.03398409255242226 0.06683804627249354
0 0.5251480025307304 0.2998051152051795 0.03326102675343462 0.0616966580976864
0 0.4969484363702097 0.28373827715890704 0.03904555314533624 0.08097686375321339
0 0.624931082791034 0.4418359635342283 0.04483007953723792 0.06298200514138823
0 0.6238464840925524 0.39170742882985815 0.03687635574837304 0.044987146529563
0 0.6057698391178598 0.32229868846996096 0.04699927693420101 0.060411311053984576
0 0.5963699837310195 0.27281282728744166 0.032537960954446866 0.05655526992287916
0 0.5775702729573391 0.2348950894982386 0.03832248734634855 0.08611825192802053
