0 0.778819057274953 0.7463114371430281 0.06805218461090318 0.15652173913043485
1 0.550816838394794 0.6539182257450252 0.0730296456977585 0.11696658097686378
1 0.7218218998553868 0.2991624416833286 0.06652205350686913 0.14781491002570696
1 0.6668688991323211 0.3023758092925831 0.05350686912509038 0.13624678663239076
1 0.6921762020968908 0.43797992240312295 0.06362979031091835 0.11953727506426733
1 0.8852347704266087 0.38785138769875277 0.0983369486623283 0.09640102827763497
0 0.8248587762111352 0.04982519875273731 0.10773680404916845 0.10150224935732648
0 0.6748226229211858 0.04982519875273731 0.09689081706435279 0.10150224935732648
0 0.5819086677512653 0.2246123131486242 0.052783803326102684 0.12210796915167098
0 0.6083005694143168 0.10314701751880415 0.08532176428054955 0.11568123393316194
0 0.9597105477223428 0.6976200252308864 0.07953723788864787 0.1735218508997429
0 0.8714965202458422 0.648776837570218 0.0983369486623283 0.1349614395886889
0 0.9734487979031091 0.2618873774159764 0.052060737527114986 0.15295629820051412
