0 0.20441743827160488 0.6894523970100149 0.04197530864197529 0.049707580031010126
0 0.24865613395785105 0.6419377659728884 0.04156381112557869 0.04532168204324286
0 0.3066808253158757 0.6010021157664397 0.04979421356577932 0.08333333333333334
0 0.16758616883077737 0.638282784058569 0.053909452461902006 0.07163740459241368
0 0.23116641574435762 0.5783412747448183 0.05514402036313658 0.07602343642920775
0 0.8605903154538 0.4222740455910012 0.06460902838059408 0.10745614035087717
0 0.927874266071084 0.40180618702552007 0.06995887285397373 0.1337719298245614
0 0.6626479160638503 0.1485166966101812 0.04156373577353397 0.06725147314238966
0 0.7928948296440972 0.23477401212874444 0.04691358024691361 0.0862573322496916
0 0.18281251883801117 0.5746862928304988 0.04156377344955633 0.0643275076882881
0 0.1708783561800733 0.5140137670565302 0.05226334936824844 0.052631578947368446
0 0.8375218958189755 0.3435517088779957 0.057891109579600315 0.071078431372549
0 0.842001565012635 0.2945321010348584 0.04479669193659544 0.05882352941176473
0 0.6335246525384793 0.09784092456427014 0.03170227429359068 0.06004901960784313
0 0.885764487135309 0.3368115127995643 0.03997243280496209 0.050245098039215674
0 0.2906576642545371 0.5322771990740741 0.03376981392143351 0.058823529411764684
0 0.2751511170457156 0.6106511267701525 0.03308063404548586 0.06606158088235298
0 0.20623312945095335 0.6272526892701524 0.03445899379738113 0.06495098039215684
0 0.16901741614978177 0.45813504221132895 0.05375603032391455 0.05269607843137257
0 0.2823875057431656 0.4740664147603486 0.04203997243280494 0.0649509803921569
0 0.17763216459912706 0.36254680691721136 0.04479669193659544 0.06495098039215684
0 0.21932754709395821 0.5200222971132897 0.03308063404548589 0.058823529411764684
0 0.21898295715598437 0.46604328363289754 0.036526533425223974 0.06629136029411756
0 0.22863147541925113 0.41953210103485844 0.036526533425223974 0.06617647058823532
0 0.27032685791408223 0.41463014025054473 0.04686423156443832 0.05882352941176473
0 0.27411734723179415 0.37786543436819175 0.046175051688490704 0.05637254901960784
0 0.2238072162876177 0.36867425789760344 0.039283252929014474 0.06740196078431375
0 0.2582662100849989 0.33436053240740743 0.035148173673328745 0.06495098039215684
0 0.2189829571559844 0.30494876770152507 0.042039972432804974 0.060049019607843104
0 0.28342127555708707 0.2835026892701525 0.03308063404548586 0.053921568627451
0 0.24241507293820352 0.24980170887799566 0.04066161268090971 0.0502450980392157
0 0.2427596628761774 0.20629680691721133 0.06340454858718128 0.06372549019607845
0 0.26412423903055365 0.5328324993191721 0.04135079255685733 0.07241881127450983
0 0.8175356794164943 0.03589622480936819 0.03997243280496209 0.07364430147058823
0 0.9081628331036067 0.16279190495642704 0.07236388697450036 0.13848039215686275
