0 0.853264125528584 0.6674378834135993 0.20240106865422736 0.326923697110423
0 0.7552405086564429 0.4171570642185025 0.11975308641975306 0.18347957678008492
0 0.514996408045977 0.8523982162309368 0.06413793103448272 0.11887254901960784
0 0.11223778735632184 0.1722511574074074 0.0986206896551724 0.15073529411764705
0 0.7919592823571944 0.9386426794725317 0.11569052783803321 0.12086278920308484
0 0.8031668022415039 0.2747408478529944 0.0947216196673897 0.10925449871465298
0 0.7691827096890816 0.17448377844425403 0.08604483007953725 0.10411311053984576
0 0.917049665582068 0.18540922831571932 0.08966015907447572 0.11825192802056553
0 0.8664350596529284 0.08643750595068075 0.07953723788864787 0.12853470437017994
0 0.8100359273318872 0.05944521803294297 0.08532176428054955 0.10539845758354756
0 0.1827763467100506 0.2625300509378273 0.06435285610990601 0.08997429305912598
0 0.9051190798987708 0.3383655265162334 0.08170643528561096 0.15424164524421596
0 0.9701950018076644 0.4656148838427116 0.05856832971800436 0.1748071979434447
0 0.9636874096167751 0.3203706679044082 0.07013738250180772 0.14395886889460152
0 0.6581921095444686 0.38142465248024376 0.06362979031091835 0.09125964010282778
