0 0.3026576694280225 0.6137027414908539 0.06764467421254204 0.10869565217391308
0 0.24866418317749725 0.8586302887798316 0.06397715524239764 0.1347826750382133
0 0.15840339069941614 0.9021085828206775 0.05052975978711416 0.10869565217391308
0 0.1653412356321839 0.7770305691721133 0.05310344827586206 0.125
0 0.1260308908045977 0.7898982162309368 0.0310344827586207 0.08700980392156865
0 0.24223778735632184 0.22494723583877996 0.037241379310344824 0.06985294117647059
0 0.2546515804597701 0.29173645152505445 0.041379310344827606 0.05637254901960784
0 0.27430675287356315 0.2267854711328976 0.048965517241379285 0.0661764705882353
0 0.2453412356321839 0.1636727260348584 0.032413793103448274 0.06740196078431372
0 0.016109680043383947 0.5324529301152052 0.033261026753434564 0.10025706940874039
0 0.19289926789587852 0.36664316147767306 0.02964569775849603 0.046272493573264774
