0 0.7902289753535363 0.5818186392914654 0.08272211126126988 0.12608695652173912
0 0.7975639759862725 0.8992100099818527 0.0916870415647922 0.1492754065472148
0 0.6451597131357605 0.5876157517978343 0.05827215889555314 0.08550726849099861
0 0.4862355077567874 0.4194998208259424 0.05745721271393644 0.10869565217391303
0 0.7050619136247581 0.5336302556085509 0.053382183345430906 0.0992754065472147
0 0.600131175842534 0.4422579729998554 0.05052972247956144 0.08319741953974179
0 0.767612838434221 0.381818672462746 0.05052972247956144 0.08550726849099867
0 0.39312223575906047 0.4115288284473758 0.03585979582919467 0.07826086956521743
0 0.6971157033558095 0.3488476469128989 0.052974784869727995 0.0847826086956522
0 0.9573031275468622 0.5531954729998554 0.05990220048899755 0.10652173913043483
0 0.9405957608273483 0.3807317159410069 0.042787286063569734 0.07753620976987095
