0 0.17898203158825515 0.4966737338694206 0.04360230686029188 0.058695652173913024
0 0.16757209485589536 0.2727606738055194 0.03708232702427795 0.06159419184145723
0 0.21769432559087207 0.44232590778246406 0.030562347188264057 0.05869565217391308
0 0.20893313183275394 0.31805056757781053 0.031784841075794615 0.05652173913043478
0 0.23134553220666518 0.16152879527609515 0.029339853300733496 0.05652173913043478
0 0.2274742953448929 0.2575432990868119 0.03463733924921684 0.05869565217391305
0 0.25212790964090837 0.39957230670824534 0.03341484536168628 0.05869565217391308
0 0.20832188488898862 0.5640650382172466 0.04115731908523073 0.057246332583220136
0 0.4004571990842438 0.5097172121302902 0.04237981297276132 0.09927540654721465
0 0.49275548759280136 0.45500705614566045 0.041157319085230765 0.07101447063943617
0 0.16777583140129956 0.3368911251737684 0.03993478789014748 0.05652173913043478
0 0.2934889466177669 0.19232589119682375 0.030562347188264085 0.06594201792841371
0 0.2905131507592191 0.2657434185470818 0.0253073029645698 0.06555269922879177
0 0.17301495842371656 0.04916244168332857 0.037599421547360824 0.053984575835475584
0 0.18639167570498916 0.11214444682471673 0.04121475054229936 0.08483290488431874
0 0.2276064262472885 0.08450948538512806 0.03976861894432394 0.06812339331619537
0 0.31292819052783805 0.09929097638769875 0.02675343456254519 0.056555269922879174
0 0.25833672270426605 0.029239562505950677 0.0361532899493854 0.05784061696658097
0 0.22543722885032538 0.018976869703894124 0.02964569775849603 0.0398055912596401
0 0.26556738069414315 0.20019071931829002 0.023138105567606627 0.04755784061696657
0 0.27424417028199566 0.33579483242882985 0.023138105567606655 0.04884318766066837
0 0.2489368673174259 0.3043038298581358 0.021691973969631236 0.05526992287917738
0 0.4297033170643528 0.4476200252308864 0.030368763557483722 0.053984575835475564
0 0.3794502440347072 0.40391822574502523 0.02675343456254519 0.046272493573264774
0 0.4300648499638467 0.40520357278872704 0.02819956616052058 0.04113110539845758
0 0.46513354121475053 0.4026328787013234 0.03904555314533624 0.04884318766066837
0 0.48284865328994936 0.34607760877844423 0.04699927693420101 0.053984575835475564
0 0.488633179681851 0.3229413619918119 0.02964569775849603 0.04113110539845758
0 0.5074328904555314 0.24710588641340572 0.02964569775849603 0.043701799485861205
0 0.4506722252349964 0.3396508735599353 0.023138105567606655 0.03856041131105399
0 0.411988204989154 0.3897794082643054 0.0253073029645698 0.053984575835475564
0 0.42572645516992047 0.360859099781015 0.02241503976861896 0.0475578406169666
0 0.4253649222704266 0.3235840355136627 0.027476500361532884 0.04241645244215941
0 0.4271725867678959 0.29594907407407406 0.02241503976861896 0.035989717223650394
0 0.38776550072306576 0.34993364990954967 0.03759942154736079 0.07197943444730079
0 0.3635427964569776 0.3312961177758736 0.02964569775849603 0.050128534704370196
0 0.44958762653651485 0.513815397981529 0.042660882140274775 0.05784061696658093
0 0.6083005694143168 0.6950493311434828 0.030368763557483785 0.07583547557840616
0 0.634692471077368 0.6134297938684186 0.02819956616052058 0.05655526992287921
0 0.36101206616052056 0.4624015162334571 0.021691973969631264 0.05269922879177379
0 0.3498045462762111 0.43797992240312295 0.02675343456254519 0.05526992287917738
0 0.41054207339117865 0.6854092283157194 0.03109182935647142 0.051413881748072016
0 0.37764257953723784 0.7233269661049224 0.03470715835140995 0.05269922879177374
0 0.4090959417932032 0.6224272231743311 0.03976861894432394 0.07712082262210798
0 0.43223404736080984 0.5581598709892411 0.041214750542299325 0.04370179948586118
0 0.6281848788864788 0.9534040869275444 0.044107013738250225 0.0784061696658097
0 0.5645550885755604 0.9842724995239455 0.03832248734634855 0.02960314910025701
0 0.4250033893709327 0.9637069468247167 0.05422993492407807 0.07073425449871465
0 0.9777871926970353 0.4521187398838427 0.04338394793926253 0.07069408740359896
0 0.7619520516992045 0.21175884271160622 0.052783803326102684 0.07840616966580975
0 0.3671581254519161 0.630139305436542 0.03832248734634855 0.0668380462724936
0 0.3270279736080983 0.6070030586499097 0.031814895155459176 0.07197943444730079
0 0.24532153832248732 0.559445218032943 0.03759942154736079 0.053984575835475564
0 0.23519861713665946 0.4990339069789584 0.04772234273318873 0.07712082262210798
0 0.18711474150397686 0.39170742882985815 0.042660882140274775 0.07583547557840616
0 0.2601443872017353 0.27859688898409984 0.02386117136659438 0.05784061696658098
0 0.22362956435285608 0.37371257021803295 0.03181489515545914 0.050128534704370196
0 0.3187127169197397 0.16548634913834143 0.02964569775849603 0.05526992287917738
0 0.3335355657989877 0.2271830072360278 0.024584237165582046 0.050128534704370196
0 0.3089513286334056 0.251604601066362 0.023138105567606655 0.052699228791773765
0 0.16542276753434565 0.5620159121203465 0.05133767172812726 0.0668380462724936
0 0.27424417028199566 0.5607305650766446 0.026030368763557465 0.06426735218508994
0 0.32811257230657986 0.4521187398838427 0.03109182935647142 0.06298200514138823
0 0.3002745390455531 0.4495480457964392 0.03470715835140995 0.07069408740359902
0 0.34835841467823575 0.37306989669618207 0.03398409255242226 0.05655526992287916
0 0.31328972342733186 0.36664316147767306 0.0361532899493854 0.05141388174807197
0 0.3852347704266088 0.23360974245453683 0.01952277657266812 0.03984575835475581
0 0.32305111171366596 0.527311541940398 0.041214750542299325 0.05912596401028276
0 0.2304986894432393 0.6192138555650766 0.0368763557483731 0.060411311053984576
0 0.19362233369486623 0.6301393054365418 0.02819956616052061 0.06940874035989714
0 0.11119283261026754 0.7284683542797296 0.064352856109906 0.09125964010282772
0 0.11553122740419379 0.655203572788727 0.052783803326102684 0.07583547557840616
0 0.2970207429501085 0.8685711820432257 0.04410701373825017 0.06555269922879177
0 0.16361510303687637 0.6339953465676474 0.0361532899493854 0.08226221079691516
0 0.26448278199566155 0.930910513662763 0.045553145336225585 0.08740359897172235
0 0.23845241323210412 0.8621444468247167 0.0368763557483731 0.07326478149100261
0 0.22254496565437454 0.9366945753594209 0.04121475054229936 0.06812339331619531
0 0.3639043293564715 0.19762002523088643 0.023138105567606655 0.04755784061696657
0 0.38017330983369485 0.1404220817861563 0.02386117136659435 0.03341902313624677
0 0.3454661514822849 0.15713159335427973 0.02386117136659435 0.05141388174807197
0 0.3364278289949386 0.11535781443397124 0.023138105567606655 0.05269922879177378
0 0.2771364334779465 0.8274400766447683 0.040491684743311634 0.06298200514138823
0 0.3689657899493854 0.5748693825573645 0.03470715835140995 0.07712082262210798
