0 0.7376617754972749 0.4064563425650728 0.05745721271393644 0.11594198475713316
0 0.6777595377007247 0.39123895126072494 0.05419720414215317 0.12753627611243207
0 0.8654123494366659 0.3437751610305959 0.06519964912992814 0.13260869565217395
0 0.9012721825734133 0.13326792571087775 0.07334963325183376 0.13768118153447692
0 0.7608891220528029 0.5205867773476814 0.06886713079251988 0.10652173913043478
0 0.4862355077567874 0.45971721213029015 0.06234718826405867 0.11376807171365493
0 0.6905957235197955 0.9227606903911597 0.07986957578029497 0.14420285432235047
0 0.42247265907447584 0.4296251666190612 0.062183658712942895 0.11311053984575832
0 0.4824871203904555 0.5787254236884699 0.06507592190889368 0.10025706940874039
0 0.8002745390455531 0.4154863491383414 0.05422993492407807 0.10796915167095113
0 0.8407662237888648 0.49003647767304587 0.06869125090383221 0.13624678663239073
0 0.9582644161243673 0.905203572788727 0.07086044830079541 0.15424164524421585
