0 0.49418171802573607 0.2941375075139094 0.09209458927070599 0.16521742447562845
0 0.5866837803872504 0.39232590778246407 0.09046454767726159 0.16304347826086957
1 0.9026984503139008 0.45863025560855103 0.18215158924205377 0.3666667108950408
1 0.7388842320772527 0.2575432990868119 0.12917687898743122 0.22971018915591035
0 0.5840778651482283 0.25031925402266014 0.07447577729573389 0.12724935732647816
1 0.3187127169197397 0.18733724888127198 0.11496746203904555 0.2146529562982005
1 0.4228341919739697 0.025403604922403122 0.14822848879248016 0.0526590616966581
1 0.6383078000723065 0.11471514091212036 0.06290672451193054 0.19537275064267354
0 0.8939115600144613 0.14684881700466532 0.1446131597975416 0.2622107969151671
0 0.6910916033984091 0.42191308435685043 0.0961677512653651 0.1593830334190231
1 0.6195080892986262 0.8152292797296011 0.12509038322487348 0.1902313624678663
1 0.741344676428055 0.8666431614776731 0.10990600144613166 0.12596401028277635
1 0.9419954356471438 0.7606020303722746 0.11496746203904552 0.15809768637532132
