0 0.2582403790785612 0.6760215599563771 0.07986961308784768 0.11594198475713322
0 0.32140256948556567 0.09884764691289882 0.057049739623128086 0.11086956521739132
0 0.43835450959769134 0.10247082979014917 0.057049739623128086 0.0949275472889776
0 0.4636874096167751 0.9611362527373133 0.052060737527114986 0.07587564267352184
0 0.09456231923355025 0.2991624416833286 0.07158351409978309 0.07840616966580975
0 0.5692550162689806 0.232324395410835 0.04627621113521331 0.09383033419023137
0 0.7095297812725957 0.12435524373988385 0.04483007953723792 0.09640102827763497
0 0.759059788503254 0.12564059078358564 0.044107013738250225 0.07583547557840617
0 0.7482138015184383 0.07358403551366276 0.06290672451193054 0.061696658097686374
0 0.7362832158351409 0.02668895196610492 0.0723065798987708 0.055229755784061696
0 0.8093128615328995 0.11792850852137486 0.04627621113521331 0.07583547557840618
0 0.3765579808387563 0.14556346996096353 0.05422993492407807 0.11311053984575835
0 0.36860425704989147 0.03632905479386842 0.06435285610990599 0.0745099614395887
0 0.25074453181489514 0.016406175616490524 0.05856832971800433 0.0346642030848329
0 0.3064205983369487 0.017711606207750166 0.06435285610990599 0.037275064267352186
0 0.43223404736080984 0.018976869703894124 0.06724511930585682 0.0398055912596401
0 0.5023714298626174 0.017691522660192326 0.06435285610990599 0.037234897172236506
