0 0.2755590487031696 0.7655143578079396 0.08516709903633099 0.15144931959069294
0 0.8061213958914336 0.528557769726248 0.06642214301745876 0.12826086956521737
0 0.1672304320318149 0.7965917475959251 0.10412147505422993 0.1452442159383034
0 0.18024561641359363 0.6404220817861563 0.11424439624005783 0.14138817480719792
0 0.15566137924801157 0.5176714391126345 0.1026753434562545 0.12210796915167092
0 0.8342586315979754 0.2625300509378273 0.08459869848156186 0.13110539845758354
0 0.8841501717281273 0.10121899695325144 0.11062906724511935 0.15295629820051412
0 0.9622412780187998 0.3126585856421975 0.07447577729573389 0.1953727506426735
0 0.9105420733911787 0.49839123345710756 0.09110629067245123 0.14267352185089974
0 0.8693273228488793 0.6455634699609635 0.10412147505422997 0.1568123393316195
0 0.9539260213304411 0.7631727244596782 0.08532176428054955 0.11439588688946013
0 0.9799563900939985 0.6481341640483672 0.03904555314533624 0.1850899742930591
0 0.7297756236442515 0.08450948538512806 0.06796818510484452 0.10668380462724936
0 0.7861747559652928 0.06458660620775016 0.05639913232104116 0.09511568123393316
0 0.9734487979031091 0.09672028230029515 0.052060737527114986 0.12596401028277635
