0 0.5060635413652584 0.8159143630059374 0.1127571765287423 0.21198828178539614
0 0.15947916666666667 0.8272756672113288 0.10758620689655171 0.17401960784313722
0 0.07741020114942529 0.7580354711328976 0.10344827586206895 0.15073529411764702
0 0.191548132183908 0.6599962554466231 0.09586206896551722 0.10661764705882351
0 0.03775502873563218 0.6685746868191721 0.07241379310344828 0.07965686274509802
1 0.10430675287356322 0.4467609613289761 0.08965517241379312 0.13848039215686275
0 0.4018929597701149 0.5454129221132897 0.06275862068965517 0.125
0 0.4080998563218391 0.7966384123093682 0.06551724137931032 0.1348039215686275
0 0.35499640804597704 0.6771531181917211 0.07655172413793103 0.153186274509804
0 0.4646515804597701 0.6845060593681918 0.060000000000000026 0.10906862745098037
0 0.9243067528735631 0.7617119417211329 0.11034482758620688 0.16053921568627452
0 0.9187895114942529 0.5919815495642701 0.11586206896551729 0.16421568627450983
0 0.7174102011494252 0.7255599809368192 0.12275862068965514 0.22549019607843135
0 0.6994791666666667 0.5705354711328977 0.09103448275862067 0.13112745098039216
0 0.804996408045977 0.5919815495642701 0.09655172413793107 0.19117647058823534
0 0.6732722701149425 0.4076601647603486 0.09517241379310341 0.14116115196078433
0 0.3187895114942529 0.5386727260348584 0.07310344827586206 0.10416666666666667
1 0.22051364942528734 0.4394080201525055 0.08620689655172414 0.12622549019607848
0 0.5046515804597701 0.5760501770152505 0.0848275862068966 0.18627450980392155
0 0.5943067528735633 0.9357315495642702 0.09586206896551724 0.12132352941176469
0 0.7674102011494253 0.42776586328976035 0.07793103448275858 0.12745098039215685
0 0.7391343390804598 0.9297189882897604 0.08758620689655175 0.1387101715686275
0 0.2953412356321839 0.6311972358387801 0.05793103448275859 0.11029411764705883
0 0.4636874096167751 0.4508333928401409 0.08676789587852494 0.15295629820051418
0 0.36354279645697757 0.4129156550509378 0.099060014461316 0.1568123393316195
0 0.32630490780911064 0.3300107707321717 0.062183658712942895 0.12467866323907452
0 0.27605183477946493 0.22011359849566792 0.06579898770788144 0.12853470437017994
0 0.22905255784526393 0.1899079429686756 0.049891540130151846 0.11696658097686373
0 0.8498045462762112 0.4392652694468247 0.10122921185827909 0.15038560411311053
0 0.8781835084998851 0.904213473583878 0.15851137146795308 0.18014705882352947
0 0.9815604898920284 0.9360187738289761 0.03583735354927633 0.12611060049019615
1 0.528080131518493 0.3337477873093681 0.09786354238456235 0.17892156862745096
