0 0.2566808253158757 0.8159143964681941 0.08477368766878858 0.16520476759525762
0 0.1324009836455922 0.7826541513959798 0.10205760061005015 0.14108189365320042
0 0.13054913179374036 0.6357243268345764 0.11399178210599924 0.1527777554696066
0 0.06889348336948661 0.5022472745882129 0.05784526391901663 0.09383033419023137
0 0.10070837852494578 0.4893938041511949 0.04772234273318872 0.07326478149100256
0 0.09745458242950107 0.43669457535942113 0.04844540853217642 0.05784061696658098
0 0.08769319414316704 0.4122729815290869 0.04916847433116414 0.08097686375321335
0 0.06057822668112798 0.40520357278872704 0.045553145336225585 0.07455012853470439
0 0.04539384490238611 0.3679285085213749 0.0542299349240781 0.08483290488431876
0 0.1621689714389009 0.2940210535085214 0.040491684743311634 0.050128534704370196
0 0.13613860267534345 0.26317272445967815 0.03759942154736081 0.0475578406169666
0 0.022978805133767172 0.2573886627630201 0.03976861894432393 0.04884318766066837
0 0.012132818148951554 0.508674009806722 0.025307302964569775 0.08868894601542418
0 0.010325153651482285 0.418057043225745 0.021691973969631236 0.053984575835475564
0 0.6957915310918293 0.4058462463105779 0.027476500361532884 0.08611825192802058
0 0.2767749005784526 0.12435524373988385 0.02819956616052058 0.0167095115681234
0 0.362458197758496 0.09993364990954966 0.021691973969631205 0.034704370179948596
0 0.33462016449746923 0.11471514091212034 0.016630513376717282 0.02827763496143958
0 0.1701226952277657 0.10443236456250594 0.030368763557483722 0.046272493573264774
0 0.12384648409255242 0.11342979386841856 0.03181489515545914 0.05141388174807198
0 0.09239312183658714 0.12499791726173473 0.01952277657266812 0.04884318766066837
0 0.1498768528561099 0.04659174759592497 0.023138105567606655 0.03856041131105399
0 0.2673750451916124 0.07808275016661906 0.02675343456254516 0.03984575835475579
0 0.26845964389009397 0.04659174759592497 0.024584237165582046 0.03084832904884318
0 0.17988408351409976 0.06651462677330287 0.0180766449746927 0.04498714652956298
0 0.20555291937816342 0.03695164476816148 0.028922631959508303 0.04241645244215938
