1 0.33507158453125546 0.49049301176368376 0.02526489854733344 0.06159422501273779
0 0.31467885310414756 0.8694998539972231 0.05745721271393644 0.10434789242951771
0 0.10379865750512556 0.6589925855062242 0.1010595195742283 0.11376813805621609
0 0.21280436869452615 0.21116646537842193 0.05827219620310589 0.08043478260869569
0 0.12763728831197155 0.5531954729998554 0.1039119804400978 0.06884062393851899
0 0.1143936107483159 0.40573168276972627 0.07171962896594208 0.10434782608695654
0 0.012315352485737572 0.7238476469128988 0.02567237163814181 0.1202898108440897
0 0.028040265726681127 0.6134297938684186 0.05278380332610268 0.09768637532133674
0 0.057324430585683296 0.5420930329429687 0.039045553145336226 0.09897172236503857
0 0.09347772053506868 0.5106020303722746 0.05929139551699204 0.07969151670951162
0 0.03418632501807665 0.49196449823859856 0.033261026753434564 0.09897172236503857
0 0.1365001355748373 0.2149722103208607 0.0368763557483731 0.053984575835475564
0 0.07648567425885755 0.4489053722745882 0.04121475054229935 0.053984575835475564
0 0.19976839298626176 0.3152292797296011 0.040491684743311634 0.04884318766066837
0 0.21929116955892985 0.28566629772445973 0.0361532899493854 0.05655526992287916
0 0.23664474873463484 0.10057632343140055 0.034707158351409986 0.06426735218508996
0 0.20049145878524943 0.07615472960106637 0.05061460592913954 0.07455012853470437
0 0.04503231200289226 0.40841694039798154 0.0462762111352133 0.0475578406169666
