0 0.3678573558655034 0.66442736811492 0.0757946583344476 0.11159422501273784
0 0.44956069113087055 0.8372534882427223 0.07701711491442544 0.12971018915591032
0 0.42898206889580787 0.4133404115931808 0.07823960880195599 0.08768118153447692
0 0.46224127801879966 0.6963346781871845 0.10845986984815614 0.15809768637532132
0 0.5251480025307304 0.8126585856421975 0.07953723788864787 0.14395886889460158
0 0.07359341106290672 0.7213989455393698 0.08459869848156182 0.15938303341902316
0 0.1939838665943601 0.5035326216319147 0.04627621113521331 0.07069408740359902
0 0.15096145155459148 0.5620159121203465 0.05856832971800432 0.10539845758354759
0 0.08371633224873463 0.6192138555650766 0.0556760665220535 0.07069408740359896
0 0.10215451012292118 0.5581598709892411 0.04193781634128705 0.07197943444730079
