0 0.796137708245785 0.8042824295215946 0.08394453053369494 0.11159415867017662
0 0.7050619136247581 0.3437751942018764 0.061532242082441964 0.11376813805621604
0 0.6751108133802594 0.45065926322998445 0.057049665008022644 0.10869565217391308
0 0.7297155652283263 0.9097172121302902 0.07823960880195599 0.11811589780061135
0 0.611133620830309 0.22819547299985535 0.054604751848066964 0.10434782608695654
0 0.3346201644974693 0.47846835427972967 0.03976861894432394 0.07712082262210802
0 0.40114221800433836 0.7561033157193183 0.051337671728127234 0.09254498714652955
0 0.2991899403470716 0.42641179900980675 0.042660882140274775 0.06298200514138817
0 0.25942132140274765 0.34736295582214605 0.060014461315979754 0.09254498714652955
0 0.21748350506146055 0.38206732600209464 0.05856832971800433 0.08483290488431876
0 0.16686889913232103 0.15713159335427973 0.0657989877078814 0.08997429305912596
0 0.05840902928416486 0.047254504665333714 0.10484454085321765 0.09636086118251928
0 0.18241481381055677 0.017691522660192326 0.04916847433116412 0.037234897172236506
0 0.6621689714389009 0.22011359849566792 0.03976861894432394 0.06426735218509
0 0.6784379519161243 0.18219586070646482 0.03904555314533624 0.06298200514138817
0 0.6285464117859725 0.1494195110920689 0.04627621113521331 0.08226221079691515
0 0.8150973879248011 0.955994864562506 0.07664497469269697 0.08615841902313633
0 0.961518212219812 0.8557177116062077 0.07592190889370928 0.15295629820051412
0 0.9210265274765005 0.9714190290869275 0.10195227765726678 0.05531008997429307
