0 0.3550211700464325 0.40536938604333367 0.045232311146183514 0.06594198475713316
0 0.29206271618483215 0.4600795420279634 0.05215976407300582 0.07536229672639265
0 0.3588428687635575 0.4746123131486242 0.04627621113521331 0.07197943444730079
0 0.3881270336225597 0.3756405907835856 0.02675343456254519 0.06940874035989719
0 0.46657967281272594 0.29659174759592494 0.03470715835140995 0.06812339331619537
0 0.24532153832248732 0.4495480457964391 0.040491684743311634 0.09383033419023132
0 0.19723766268980475 0.4411932900123775 0.045553145336225585 0.0976863753213368
0 0.15132298445408532 0.40970228744168335 0.04627621113521331 0.07326478149100256
0 0.24929840021691974 0.34414958821289154 0.04121475054229936 0.08611825192802053
0 0.21892963665943602 0.3017331357707322 0.0368763557483731 0.10411311053984576
0 0.1827763467100506 0.34864830286584786 0.045553145336225585 0.0616966580976864
0 0.16976116232827188 0.2766688684185471 0.032537960954446866 0.07197943444730079
0 0.14047699746926973 0.2554606421974674 0.0274765003615329 0.08097686375321336
0 0.11733889190166306 0.2908076858992669 0.02892263195950832 0.05655526992287916
0 0.11372356290672453 0.34414958821289154 0.0274765003615329 0.050128534704370196
0 0.14589999096167752 0.3377228529943825 0.02964569775849603 0.05784061696658098
0 0.5663627530730296 0.12885395839284017 0.03904555314533624 0.06940874035989716
0 0.5822702006507593 0.07872542368846996 0.03759942154736085 0.07969151670951158
0 0.4944177060737527 0.1712704108349995 0.03832248734634849 0.09254498714652955
0 0.44127236984815615 0.17319843140055222 0.041937816341287085 0.06812339331619537
