0 0.2957754818009741 0.7705927813494646 0.08230451419029708 0.15497080485026044
0 0.7465985333478009 0.6978588186044674 0.07777777777777774 0.16739761620237115
0 0.41614587100935563 0.8579465713649698 0.06460902838059415 0.13815796166135552
0 0.6215766242344606 0.5501885825621808 0.09832748321038048 0.16982980655319801
0 0.35709236050829474 0.49391145018341476 0.05102885681905865 0.07383045397306742
0 0.558047496384671 0.7284683542797296 0.09182935647143893 0.10925449871465295
0 0.5439477133044107 0.8383655265162334 0.08242950108459872 0.14138817480719792
0 0.9712796005061459 0.7612447038941255 0.05639913232104116 0.1233933161953728
0 0.9741718637020969 0.6166431614776731 0.0506146059291396 0.13753213367609254
0 0.8794502440347072 0.6802678401409121 0.06218365871294284 0.14138817480719792
0 0.7970207429501085 0.5665146267733029 0.06507592190889373 0.14267352185089974
0 0.8866809020245842 0.5273115419403979 0.06507592190889373 0.13110539845758348
0 0.9362109092552422 0.4964632128915549 0.06579898770788144 0.09254498714652955
0 0.716398906362979 0.4341238812720175 0.08604483007953725 0.1349614395886889
0 0.803166802241504 0.4463346781871847 0.05712219812002897 0.07455012853470439
0 0.6457512417259794 0.7110563123421321 0.06789692500198079 0.13624678663239073
0 0.652046050253073 0.9064889198324289 0.10484454085321768 0.179948586118252
0 0.751106064714389 0.867285834999524 0.08749096167751264 0.1452442159383034
0 0.8291971710050615 0.7869516447681615 0.03832248734634855 0.11311053984575832
0 0.6563844450469992 0.37499791726173476 0.05422993492407807 0.09125964010282778
0 0.5707011478669559 0.4418359635342283 0.0737527114967462 0.11182519280205655
0 0.49875610086767896 0.52152748024374 0.07302964569775844 0.08611825192802053
0 0.5139404826464208 0.5967202823002953 0.06724511930585682 0.11568123393316196
0 0.4579028832248735 0.7111161691897553 0.05929139551699206 0.11825192802056551
0 0.4036729483007954 0.6757691254879558 0.06796818510484458 0.1349614395886889
0 0.3479968817787419 0.6005763234314007 0.04627621113521331 0.11311053984575832
0 0.3281125723065799 0.9322159442540227 0.08604483007953725 0.13371625964010286
0 0.4759795281995662 0.9675629879558221 0.0983369486623283 0.06302217223650391
0 0.21242204446854665 0.867285834999524 0.0730296456977585 0.12210796915167098
0 0.17626875451916124 0.7618873774159763 0.032537960954446866 0.11182519280205659
0 0.20663751807664496 0.6442781229172618 0.045553145336225585 0.0951156812339332
0 0.2619520516992046 0.6031470175188042 0.06507592190889368 0.11053984575835477
0 0.2554444595083153 0.5498051152051795 0.04049168474331166 0.10411311053984576
0 0.6860301428054953 0.31908532086070646 0.05856832971800436 0.08740359897172235
0 0.1560229121475054 0.9572601280586498 0.04121475054229936 0.07326478149100261
0 0.7320773747989893 0.32884582652505445 0.06202618883528596 0.09313725490196077
