0 0.314475097904967 0.7155142914653785 0.06519968643748092 0.13260869565217395
0 0.3425924759719463 0.47964472624798715 0.07579462102689488 0.13478260869565215
0 0.20424689282803588 0.8252969333323112 0.05745721271393644 0.11159422501273773
0 0.20220941545133583 0.6955867773476815 0.05827223351065861 0.11594198475713322
0 0.29085847701149425 0.9652582039760348 0.07655172413793103 0.06763174019607848
0 0.16016882183908046 0.7470060593681918 0.04000000000000001 0.07720588235294118
0 0.2491343390804598 0.34810900054466226 0.04827586206896554 0.06372549019607843
0 0.23913433908045978 0.26906488289760344 0.03793103448275863 0.08455882352941176
0 0.244996408045977 0.19614821623093684 0.0386206896551724 0.0661764705882353
0 0.27292744252873563 0.2580354711328976 0.05034482758620688 0.057598039215686285
0 0.7442369396240058 0.9431413941254879 0.09255242227042662 0.11186535989717228
0 0.01357894974692697 0.5992909763876987 0.028199566160520606 0.10796915167095113
