0 0.5482446364414545 0.664233098764401 0.10329220618730713 0.2097952993292557
0 0.7295203691647376 0.48879450227317284 0.07654320987654326 0.14546785856548106
0 0.4334297839506173 0.608312046132822 0.10493827160493824 0.16520470067074422
0 0.8324010024836033 0.48660151981703254 0.10205756293402773 0.18347950985557157
0 0.9441294352213542 0.5713968191462883 0.1074074827594521 0.22441522698653377
0 0.19809985632183907 0.7053393927015251 0.15310344827586206 0.2316176470588235
0 0.32844468390804593 0.4675942946623094 0.08137931034482755 0.08455882352941176
0 0.41603089080459765 0.4872021377995644 0.11448275862068963 0.1384803921568628
0 0.8556860632183908 0.3603639025054466 0.08068965517241378 0.125
0 0.7736170977011495 0.3898905569172113 0.06827586206896552 0.1154258578431373
0 0.3991343390804598 0.3977413534858388 0.06689655172413793 0.07720588235294118
0 0.31618198662328273 0.6147151409121203 0.08098336948662327 0.10282776349614393
0 0.3212434472161967 0.5427357064648196 0.08532176428054955 0.08483290488431872
0 0.6513229844540853 0.11921385556507663 0.11785972523499642 0.16838046272493573
0 0.7019375903832248 0.2683141126344854 0.08459869848156186 0.11182519280205656
0 0.6589151753434561 0.41355832857278874 0.0737527114967462 0.1658097686375321
0 0.7153143076644976 0.37178454965248026 0.07519884309472158 0.10796915167095113
0 0.80280526934201 0.24774855993525657 0.10701373825018076 0.16066838046272494
0 0.3259433749096168 0.3846380200894982 0.06579898770788144 0.05912596401028276
0 0.15963824114244396 0.36407246739026944 0.07736804049168476 0.10539845758354759
0 0.08154713485177151 0.3563603851280587 0.09038322487346348 0.10282776349614399
1 0.05190143709327548 0.4476200252308864 0.09616775126536514 0.1516709511568123
0 0.7673750451916124 0.11342979386841856 0.08098336948662327 0.16966580976863752
0 0.8306433026030369 0.11921385556507663 0.06579898770788144 0.12467866323907455
0 0.9036729483007953 0.2522472745882129 0.08315256688358647 0.16709511568123392
0 0.8667965925524221 0.07294136199181186 0.07447577729573389 0.12210796915167095
0 0.9271725867678957 0.180910513662763 0.07664497469269697 0.10668380462724936
0 0.6263772143890094 0.27538352137484534 0.07519884309472158 0.12339331619537275
