0 0.14699343531327996 0.5368911251737686 0.06275469866241977 0.09710149350373645
0 0.7788190199674002 0.7608041686520294 0.06234718826405867 0.10869565217391308
0 0.1590146376431814 0.796311437143028 0.0680521473033504 0.08985516092051632
0 0.1643121049378884 0.6542824295215944 0.05990220048899755 0.08985502823539399
0 0.2800415325087071 0.6423259077824641 0.046862278124522455 0.0992754065472147
0 0.1730733173497829 0.3760215599563771 0.0717196289659421 0.10144931959069295
0 0.25681412999185005 0.7477606903911598 0.04523227383863079 0.06376807171365487
0 0.22095431550887898 0.5629780816955077 0.055827208428044776 0.10144931959069295
0 0.21567584056399133 0.69312131057793 0.05784526391901664 0.10282776349614393
0 0.20302218908170644 0.4739696396267733 0.05856832971800433 0.08354755784061699
0 0.23158328814172088 0.36600048795582213 0.033261026753434564 0.060411311053984576
0 0.2109759128705712 0.3055891769018376 0.04121475054229936 0.05784061696658098
0 0.17626875451916124 0.2374657835856422 0.05133767172812726 0.08354755784061696
0 0.14481539226319598 0.28309560363705605 0.06073752711496748 0.08483290488431876
0 0.09203158893709328 0.20147606636199183 0.05350686912509038 0.09640102827763497
0 0.02008654193781634 0.25546064219746734 0.04121475054229935 0.08868894601542415
0 0.013217416847433116 0.3377228529943826 0.0274765003615329 0.06812339331619537
0 0.7344755513376718 0.8222986884699609 0.048445408532176396 0.08868894601542418
0 0.7471292028199565 0.5433783799866705 0.04916847433116409 0.09897172236503857
0 0.7695442425885756 0.38142465248024376 0.05929139551699206 0.09383033419023137
0 0.790513150759219 0.31201591212034663 0.03470715835140995 0.09125964010282778
0 0.832450967100506 0.2670287655907836 0.05929139551699206 0.08354755784061696
0 0.8686042570498915 0.015120828572788727 0.04916847433116409 0.032093508997429306
