0 0.5913699820844158 0.3995722735369648 0.08924205378973109 0.1442029206649117
0 0.5000904509179847 0.31660128115839814 0.08761208681139217 0.16811596414317256
1 0.8959747339324827 0.48834037842190026 0.20619406851696218 0.36956521739130443
1 0.7311417583537083 0.28471721213029016 0.12102689486552573 0.2275362761124321
0 0.5862470625451917 0.26831411263448535 0.07736804049168479 0.12724935732647813
1 0.3284741052060738 0.206617454536799 0.11135213304410704 0.2095115681233933
1 0.41668813268257415 0.04275579001237742 0.14316702819956617 0.08736343187660668
1 0.6350540039768618 0.16163030800723605 0.06507592190889373 0.16066838046272497
0 0.6831378796095444 0.4418359635342283 0.0947216196673897 0.18123393316195374
0 0.8830655730296457 0.1757691254879558 0.15907447577729575 0.21722365038560412
1 0.9358493763557483 0.7805249095496525 0.12725958062183657 0.1285347043701799
1 0.7333909526391902 0.9000621846139198 0.12870571221981197 0.12596401028277646
1 0.6242080169920463 0.8402935470817863 0.11135213304410704 0.1966580976863753
