0 0.8540024313580825 0.6814563425650728 0.16788913568249542 0.28188410219938864
0 0.5701800755980352 0.8611665317209831 0.09983702568669776 0.17318845002547548
0 0.5593813671556643 0.6419635778847909 0.07579462102689488 0.12318838368291446
0 0.46043361352133044 0.456617454536799 0.04555314533622561 0.06683804627249354
0 0.42536492227042655 0.4161290226601923 0.03470715835140995 0.0784061696658098
0 0.3733041847433116 0.5369516447681615 0.05350686912509038 0.10154241645244222
0 0.4434415672451193 0.5305249095496525 0.052060737527114986 0.08097686375321335
0 0.4785102584960231 0.642350102351709 0.048445408532176396 0.11439588688946013
0 0.4351263105567606 0.6230698966961821 0.042660882140274775 0.07326478149100261
0 0.4087344088937093 0.6989053722745884 0.04627621113521331 0.11182519280205659
0 0.3483584146782357 0.6333526730457965 0.05567606652205352 0.1066838046272493
0 0.33100483550253074 0.7702421332000381 0.057122198120028916 0.12596401028277635
0 0.37402725054229935 0.8749979172617348 0.05929139551699206 0.10154241645244222
0 0.3310048355025307 0.9604935792154623 0.060014461315979754 0.07716098971722365
0 0.9535644884309472 0.3332241383414262 0.09182935647143893 0.3187660668380463
0 0.9419954356471438 0.0748894661049224 0.11207519884309475 0.15163078406169667
