0 0.3079551367227295 0.8397896980125933 0.054604751848066964 0.11159429135529896
0 0.48501301386925694 0.5829056289844851 0.04930730320713632 0.09927534020465359
0 0.4795117913753693 0.7796447925905484 0.06275473596997247 0.12318845002547558
0 0.08790623696722827 0.423123020288833 0.06112469437652813 0.06376813805621603
0 0.43509450102590796 0.4256592300587039 0.04237981297276132 0.07753620976987095
0 0.37193231061890347 0.5300070561456603 0.057049702315575365 0.09202900762143346
0 0.5406364857518974 0.5854418387543562 0.04645476772616135 0.0753622967263927
0 0.5339619252873563 0.7359766476034858 0.056551724137930984 0.09436274509803919
0 0.5536170977011494 0.6606090005446623 0.04344827586206895 0.06617647058823532
0 0.5594791666666665 0.5374472358387798 0.04137931034482764 0.06985294117647053
0 0.5146515804597701 0.5104864515250545 0.035862068965517226 0.0625
0 0.5205136494252874 0.46453056917211333 0.039310344827586205 0.06372549019607848
0 0.47568606321839085 0.4498246868191721 0.039310344827586205 0.08333333333333334
0 0.22982399425287353 0.9646454588779957 0.06344827586206897 0.06885723039215684
0 0.514996408045977 0.8695550789760349 0.060000000000000026 0.116421568627451
0 0.3574102011494253 0.9707729098583878 0.056551724137931046 0.056602328431372625
0 0.4239619252873563 0.973836635348584 0.057241379310344814 0.05047487745098036
0 0.5087895114942529 0.9818023216230938 0.05310344827586206 0.03454350490196071
0 0.013272270114942529 0.7243344907407407 0.027586206896551724 0.09068627450980397
0 0.013272270114942529 0.5368344907407407 0.027586206896551724 0.08088235294117649
0 0.4767025939985538 0.39749149052651617 0.05061460592913954 0.06426735218508994
