0 0.2743763111255787 0.6583851343939412 0.07654320987654323 0.1454677916409677
0 0.1560635413652585 0.620007941411485 0.09506172839506172 0.11695901971114314
0 0.10647507655767745 0.38499334383661515 0.0765432098765432 0.07675438596491228
0 0.16059027777777776 0.5019523970100149 0.1074074074074074 0.11476610417951616
0 0.1104697668112798 0.31458660620775014 0.06001446131597974 0.10154241645244216
0 0.07720874005784525 0.277311541940398 0.06290672451193058 0.10411311053984579
0 0.026232601229211856 0.4289824930972103 0.05350686912509038 0.12467866323907452
0 0.030989337675963867 0.33245820696887723 0.05000515763681566 0.07608199127980239
0 0.055155233188720176 0.21690023088641341 0.030368763557483733 0.04755784061696657
0 0.18386094540853215 0.2316817218889841 0.03181489515545914 0.04884318766066837
0 0.16108437274041937 0.2136868632771589 0.02675343456254519 0.04370179948586118
0 0.17156882682574112 0.18862259592497382 0.03759942154736079 0.04755784061696657
0 0.7185681037599421 0.30623185042368845 0.03398409255242226 0.059125964010282805
0 0.18711474150397683 0.05366115633628487 0.031091829356471447 0.05012853470437018
0 0.1444538593637021 0.07294136199181185 0.033984092552422275 0.06298200514138817
0 0.28183636117136657 0.02602619489669618 0.03832248734634849 0.048843187660668384
0 0.29195928235719454 0.06651462677330287 0.02096890817064351 0.02185089974293059
0 0.24026007772957336 0.029239562505950677 0.033261026753434564 0.03984575835475579
0 0.016471212942877803 0.2631727244596782 0.033984092552422275 0.05784061696658096
