0 0.45037567462004 0.7771085164781162 0.08353705744288659 0.14710149350373647
0 0.6710358213193065 0.2241420088566828 0.08394460514880049 0.16290760869565224
0 0.33403500010545606 0.9447941827697263 0.10105948226667559 0.10855978260869562
0 0.2168793421017026 0.3901519947389858 0.07946210268948656 0.12101453698199734
0 0.29919392431083497 0.819499853997223 0.11450691502951177 0.16086963155995243
0 0.46361937083747207 0.6470360305958133 0.08638951830875612 0.10434782608695649
0 0.16105211501988145 0.2057316993553666 0.09331704585068383 0.15362319946289069
0 0.1343610046933896 0.6068186392914655 0.06682969072337254 0.0847826086956522
0 0.1716470682630718 0.905007089316941 0.10391198044009782 0.12318831734035325
0 0.2867652488901252 0.3771085164781163 0.06275469866241977 0.0992754065472147
0 0.3736657176428055 0.7226842925830715 0.060014461315979754 0.10539845758354759
0 0.37764257953723784 0.6082884056936113 0.07519884309472158 0.1285347043701799
0 0.47200266630513377 0.5620159121203465 0.07881417208966018 0.0951156812339332
0 0.5287633315256688 0.5189567861563363 0.05639913232104116 0.08354755784061699
0 0.315458920824295 0.7124015162334572 0.06652205350686913 0.09254498714652955
0 0.7652058477946493 0.15905961391983245 0.07953723788864787 0.13753213367609254
0 0.7138681760665219 0.309445218032943 0.04916847433116409 0.10668380462724936
0 0.3252203091106291 0.258031336284871 0.060014461315979754 0.11953727506426735
0 0.22435263015184378 0.28952233885556505 0.06218365871294287 0.11311053984575836
0 0.23736781453362255 0.17062773731314862 0.07375271149674617 0.14524421593830333
0 0.2840055585683297 0.2548179686756165 0.0441070137382502 0.11053984575835477
0 0.1524075831525669 0.45918814862420265 0.07736804049168475 0.12853470437018
0 0.21169897866955892 0.508031336284871 0.06435285610990599 0.09768637532133674
0 0.09167005603759942 0.9373573324288299 0.07881417208966016 0.12343348329048849
0 0.2827320956811395 0.5047036696623094 0.08132322536181942 0.10171568627450983
0 0.3089209309671491 0.44526739515250546 0.07167470709855271 0.11274509803921573
