0 0.5561213958914337 0.6571810023604192 0.07171966627349485 0.1347826086956522
0 0.44956069113087055 0.8100795420279634 0.07701711491442544 0.13768118153447687
0 0.3264962815810921 0.6832679257108779 0.06234718826405867 0.11594205109969433
0 0.3729426518438178 0.5684426473388555 0.06869125090383221 0.1336760925449872
0 0.32449724331164137 0.5176714391126344 0.0368763557483731 0.08611825192802053
0 0.34402001988430947 0.9617789262591641 0.07447577729573389 0.07459029562982011
0 0.08046253615328995 0.9013475316576216 0.08676789587852494 0.14652956298200512
0 0.11950808929862618 0.6468488170046652 0.09833694866232828 0.16966580976863752
0 0.09564691793203181 0.5003192540226602 0.04338394793926247 0.10282776349614393
0 0.02370187093275488 0.5703706679044083 0.04266088214027476 0.11182519280205659
0 0.015748147143890095 0.7014760663619918 0.03253796095444685 0.12982005141388173
0 0.041055450108459866 0.8023758092925831 0.07736804049168475 0.12596401028277635
0 0.013217416847433116 0.9360519018375703 0.0274765003615329 0.12082262210796926
