0 0.26802033017880567 0.7948621838948963 0.05704970231557533 0.09710149350373645
0 0.15901461898940508 0.7865288284473758 0.08679706601466994 0.12826086956521737
0 0.27087282835222787 0.633630255608551 0.05460471454051424 0.08768111519191575
0 0.322013816429331 0.7060940126673997 0.04523227383863079 0.09927534020465359
0 0.22013933201970956 0.7071810023604193 0.04360226955273916 0.08260869565217396
0 0.44752321375417053 0.8897896980125933 0.03871233131016964 0.08260869565217396
0 0.15636589466893974 0.6256592300587038 0.06519964912992818 0.11811596414317257
0 0.611337394683266 0.39015199473898576 0.041157319085230765 0.06884062393851904
0 0.2780040364782307 0.49449982082594235 0.06397715524239761 0.09202894127887229
0 0.07445880420439208 0.5510215599563771 0.09046454767726161 0.12536236306895382
0 0.0850537574475824 0.40681867246274594 0.07986961308784765 0.08768118153447692
