0 0.7920627534923849 0.7510215599563771 0.04645476772616135 0.07608695652173912
0 0.8654336807948542 0.4783556304466231 0.06409372846312884 0.08333333333333334
0 0.9577837841718356 0.372963473583878 0.058580289455547906 0.09803921568627451
0 0.787556354812773 0.41769386574074074 0.048931771192281204 0.057598039215686264
0 0.6490311997473007 0.5414683755446623 0.036526533425224036 0.09926470588235298
0 0.23380032448885826 0.9115664147603486 0.08683666436940041 0.12622549019607837
0 0.11974105501952677 0.8490664147603486 0.0833907649896623 0.170343137254902
0 0.2193275470939582 0.47590465005446625 0.05375603032391455 0.08088235294117643
0 0.3354543561911326 0.47713014025054473 0.06547208821502414 0.11274509803921573
0 0.06908633413737651 0.5714928853485839 0.06202618883528601 0.06617647058823532
