0 0.24474666265793787 0.7599933103743585 0.057613156165605695 0.11915206909179688
0 0.1527713540159626 0.8389407122576679 0.06460906605661652 0.081140350877193
0 0.19021992624541859 0.6236629233258045 0.053909452461902006 0.08625733224969165
0 0.07334749198254242 0.6477856968810917 0.05390949013792438 0.052631578947368446
0 0.05729810926649305 0.7852126086199726 0.0728395061728395 0.0979531940660979
0 0.42684544692804777 0.49866292332580453 0.03497947410300922 0.0643275076882881
0 0.2097672450689622 0.9656082703588534 0.08971195927372684 0.06693160743044137
0 0.4556520438488619 0.9043647111740261 0.05473248517071762 0.10672519081517275
0 0.24459847252349962 0.6468488170046655 0.04193781634128705 0.0616966580976864
0 0.07431647686189444 0.873069896696182 0.08749096167751265 0.11825192802056551
0 0.32449724331164137 0.9675629879558221 0.0730296456977585 0.06302217223650391
0 0.4275341196673897 0.963686863277159 0.060737527114967445 0.07069408740359906
0 0.4915254428778018 0.9797737848709892 0.04699927693420101 0.03860057840616967
0 0.6885608731019522 0.39299277587355996 0.03759942154736085 0.05269922879177379
0 0.654938313449024 0.3261547296010664 0.03398409255242226 0.06812339331619537
0 0.6693996294287781 0.27152748024373985 0.036876355748373155 0.059125964010282805
0 0.6552998463485177 0.2316817218889841 0.027476500361532884 0.03341902313624677
0 0.5537091015907447 0.3023758092925831 0.03109182935647148 0.0668380462724936
0 0.5833547993492408 0.2509619275445111 0.051337671728127296 0.059125964010282805
0 0.2959361442516269 0.23489508949823862 0.05350686912509038 0.08097686375321339
0 0.28942855206073753 0.15648891983242882 0.031814895155459176 0.06812339331619537
0 0.2529137292118583 0.16612902266019233 0.032537960954446866 0.04884318766066837
0 0.24857533441793203 0.3467202823002951 0.03398409255242229 0.05784061696658098
0 0.19759919558929862 0.3711418761306294 0.04627621113521331 0.08354755784061699
0 0.05840902928416486 0.3184426473388555 0.04844540853217643 0.07326478149100256
