0 0.2560635413652585 0.8685459754155626 0.08600825557002312 0.17836266233209983
0 0.1284915311836902 0.8506366409985874 0.09423869568624614 0.14839185748183942
0 0.12931456389250578 0.6920108876962643 0.11152264630353009 0.16008771929824567
0 0.07766847963686342 0.5428880472164638 0.09135802469135801 0.10014617652223824
0 0.07901640455531453 0.43990794296867564 0.07519884309472162 0.08483290488431876
0 0.038524719812002894 0.40648891983242885 0.05350686912509038 0.0976863753213368
0 0.04503231200289227 0.36150177330286587 0.052060737527114966 0.07455012853470439
0 0.018640410339840926 0.2657434185470818 0.0368763557483731 0.05269922879177379
0 0.15674597794649311 0.2972344211177759 0.0368763557483731 0.06426735218509
0 0.13143867498192335 0.27152748024373985 0.03543022415039769 0.04113110539845758
0 0.6931387118079485 0.4207575912309368 0.035148173673328745 0.06127450980392158
0 0.1638485670801746 0.10948308142701525 0.029634734665747776 0.05637254901960784
0 0.17487544509533656 0.07945857162309368 0.028256374913852512 0.0428921568627451
0 0.13731514185619115 0.08436053240740742 0.02756719503790488 0.04289215686274509
0 0.1424839909257983 0.05065955201525055 0.025499655410062043 0.03676470588235294
0 0.15454463875488172 0.037791904956427015 0.03170227429359063 0.04289215686274509
0 0.11560597576384103 0.12541445397603485 0.033769813921433495 0.05392156862745097
0 0.008783094991959568 0.5580124931917211 0.018607856650585803 0.11519607843137253
