0 0.28380932932491626 0.6089925855062243 0.06540652922105444 0.11811596414317246
0 0.41308961105035785 0.9343549154038975 0.06275466135486703 0.11086956521739122
0 0.7810602711970572 0.534354882232617 0.05052972247956144 0.08768118153447686
0 0.4401882504289871 0.7296447262479873 0.055827245735597525 0.1043478260869566
0 0.3637823638045506 0.5046447262479872 0.038304820911808514 0.0804347826086956
0 0.3584848778560673 0.648123020288833 0.05215972676545307 0.09202900762143346
0 0.29736020213331554 0.8444998208259424 0.04400977995110023 0.08768111519191575
0 0.14556720488034525 0.89884771325546 0.07864711920031708 0.10652173913043474
0 0.15025342523128693 0.7452244806212888 0.061124694376528114 0.10217391304347824
0 0.2833015224267141 0.4278331431021821 0.04767726161369197 0.09202900762143346
0 0.19487445212615248 0.5155143246366591 0.054197204142153114 0.07753620976987095
0 0.2280855422886582 0.7437751942018764 0.054604714540514215 0.094927514117697
0 0.5949238521330441 0.3023758092925831 0.023861171366594408 0.05655526992287916
0 0.5591320950831525 0.3229413619918119 0.04338394793926253 0.059125964010282805
0 0.5381631869125091 0.3570030586499095 0.027476500361532943 0.0475578406169666
0 0.40909594179320313 0.501604601066362 0.042660882140274775 0.06940874035989719
0 0.4007806851048445 0.5684426473388555 0.03904555314533624 0.06940874035989714
0 0.44488769884309476 0.6423501023517091 0.03759942154736079 0.06555269922879177
0 0.4083728759942154 0.6404220817861562 0.041214750542299325 0.05912596401028276
0 0.38776550072306576 0.7098308221460534 0.041937816341287085 0.07455012853470433
0 0.34076622378886484 0.7451778658478531 0.052060737527114986 0.08354755784061699
0 0.3118435918293565 0.6712704108349996 0.03904555314533624 0.10282776349614393
0 0.30569753253796095 0.5106020303722746 0.051337671728127234 0.09511568123393314
0 0.3487199475777295 0.5703706679044083 0.05495300072306577 0.05784061696658093
0 0.39029623101952277 0.45468943397124634 0.04555314533622561 0.06812339331619542
0 0.3714965202458424 0.39299277587355996 0.035430224150397704 0.08868894601542418
0 0.34402001988430947 0.33900820003808435 0.041214750542299325 0.07583547557840616
0 0.16361510303687637 0.590936220603637 0.0361532899493854 0.07069408740359896
0 0.19289926789587852 0.6519902051794725 0.057122198120028916 0.05912596401028276
0 0.2243526301518438 0.6185711820432257 0.04338394793926247 0.08740359897172235
0 0.23881394613159798 0.44826269875273733 0.04193781634128705 0.06812339331619537
0 0.31654351952277654 0.3839953465676473 0.02675343456254519 0.06298200514138817
0 0.2699057754880694 0.7278256807578788 0.03470715835140995 0.08226221079691516
0 0.24532153832248735 0.5028899481100638 0.04916847433116412 0.05655526992287921
