0 0.878656045654098 0.6564563425650729 0.07864715650786978 0.14202894127887233
0 0.4900793112798265 0.6860519018375703 0.057122198120028916 0.05269922879177374
0 0.5710626807664496 0.7625300509378273 0.05856832971800436 0.10025706940874039
0 0.44344156724511935 0.7439126023517089 0.06796818510484458 0.09129980719794373
0 0.5519014370932755 0.3627871203465677 0.0506146059291396 0.0976863753213368
0 0.8545044739696311 0.5157434185470818 0.05422993492407807 0.10539845758354753
0 0.9318725144613159 0.4733269661049225 0.06146059291395514 0.0951156812339332
0 0.9372955079537238 0.38335267304579645 0.052060737527114986 0.07197943444730079
0 0.9528414226319595 0.3043038298581358 0.060014461315979754 0.09383033419023137
0 0.9803179229934924 0.23425241597638768 0.03832248734634855 0.11568123393316193
0 0.9651335412147506 0.5787254236884699 0.05712219812002897 0.08226221079691516
0 0.8910192968185103 0.4122729815290869 0.04338394793926241 0.10925449871465295
0 0.9875485809833694 0.4521187398838427 0.023861171366594408 0.13496143958868895
0 0.9485030278380333 0.6847665547938684 0.05856832971800436 0.0784061696658098
1 0.572870345263919 0.45661745453679903 0.05495300072306577 0.089974293059126
1 0.500925298264642 0.4874657835856422 0.057122198120028916 0.08226221079691512
1 0.4253649222704266 0.5324529301152052 0.06507592190889373 0.08740359897172235
0 0.33534323029645696 0.24646321289155476 0.04555314533622561 0.11439588688946013
0 0.3790887111352133 0.8512189969532514 0.05784526391901661 0.13624678663239073
0 0.7597828543022415 0.8994195110920689 0.05422993492407807 0.08097686375321335
