0 0.22156556245264428 0.6100795420279633 0.054604714540514215 0.10144925324813182
0 0.15840337204563978 0.6162389512607249 0.05867970660146699 0.11376807171365487
0 0.0938149605325887 0.7405143246366591 0.08679708466844631 0.15362316629161007
0 0.18285324979625103 0.7473983604934865 0.07823960880195599 0.12101447063943611
0 0.3138638696149781 0.7358041686520295 0.04523227383863079 0.10652173913043483
0 0.2460154588570319 0.48725342190016113 0.05867970660146699 0.10652173913043478
0 0.703024436248058 0.23363023902291075 0.06805218461090318 0.08768114836319636
0 0.7488679570304541 0.9180505675778106 0.0986145317991672 0.1347826086956521
0 0.280652760798696 0.6325432990868121 0.061124694376528114 0.1043478260869566
0 0.1759072216196674 0.5035326216319146 0.05639913232104122 0.11953727506426733
0 0.17952255061460592 0.4007048581357707 0.06362979031091828 0.09125964010282778
0 0.015748147143890095 0.7336097424545368 0.03253796095444685 0.1632390745501285
0 0.7890670191612437 0.2432498452823003 0.05929139551699206 0.11053984575835477
0 0.8371508947939261 0.18605190183757023 0.06290672451193054 0.10154241645244219
0 0.9127112707881416 0.15970228744168333 0.08676789587852494 0.09254498714652956
0 0.7330294197396962 0.31330125916404833 0.06146059291395514 0.10411311053984576
0 0.5443092462039045 0.94312131057793 0.054229934924078134 0.09383033419023126
0 0.587693194143167 0.8660004879558222 0.06724511930585682 0.11696658097686378
0 0.5479245751988431 0.8242267090355138 0.04844540853217646 0.13110539845758354
0 0.5819086677512653 0.7271830072360278 0.06290672451193054 0.14524421593830328
0 0.6787994848156182 0.8460776087784443 0.07881417208966018 0.13624678663239073
0 0.6289079446854664 0.925126451966105 0.07158351409978311 0.11182519280205659
0 0.847635348879248 0.6969773517090354 0.09255242227042662 0.13881748071979438
0 0.94633383044107 0.5504477887270304 0.07447577729573389 0.1233933161953727
0 0.9767025939985539 0.3454349352565933 0.04555314533622561 0.1683804627249357
0 0.9322340473608098 0.7445351923260021 0.060737527114967445 0.12082262210796915
0 0.812928190527838 0.348005629343997 0.060737527114967445 0.06812339331619537
