0 0.6013310185185184 0.6298763624641165 0.10740740740740738 0.17909361186780431
0 0.6221129240813078 0.8148178717778672 0.0872428234712577 0.15277775546960667
0 0.40400592191719703 0.8764269726550601 0.09958846480758118 0.2277503431889049
0 0.15668082531587577 0.26328278405856903 0.10452677408854166 0.2002924199689899
0 0.4414545129846643 0.670446537902713 0.05349791726948302 0.10233922590289198
0 0.22643391173562885 0.44822429337231967 0.06707816418306327 0.13157894736842107
0 0.33877959074797453 0.4091161173919023 0.04979421356577932 0.11476610417951616
0 0.26141332932460454 0.15217167852450067 0.053909452461902006 0.12134501808568052
0 0.5339619252873563 0.7629374319172114 0.07862068965517241 0.16053921568627452
0 0.5053412356321839 0.6281335103485839 0.06413793103448272 0.12377450980392163
0 0.4712033045977011 0.5484766476034858 0.07586206896551725 0.10906862745098037
0 0.2877550287356322 0.42592762799564277 0.04551724137931036 0.12132352941176473
0 0.35292744252873565 0.30337860838779956 0.05310344827586206 0.12377450980392159
0 0.0553412356321839 0.15877076525054468 0.09379310344827585 0.15563725490196081
0 0.16982399425287356 0.06992272603485838 0.09655172413793103 0.11519607843137254
0 0.3087895114942529 0.24761880446623094 0.05172413793103446 0.10294117647058824
0 0.3343067528735632 0.19369723583877996 0.054482758620689666 0.08333333333333334
0 0.1756860632183908 0.13119723583877996 0.08620689655172416 0.09558823529411765
0 0.24821380151843817 0.27923956250595067 0.06941431670281997 0.15938303341902316
0 0.27099037418655103 0.3345295689326859 0.08893709327548809 0.11307037275064269
0 0.3194357827187274 0.10828840569361135 0.06724511930585682 0.10796915167095116
0 0.2778594992769342 0.05301848281443398 0.06362979031091828 0.10282776349614396
0 0.018640410339840926 0.29594907407407406 0.038322487346348515 0.19023136246786632
0 0.06925501626898048 0.03375836070646482 0.08459869848156182 0.06936857326478149
0 0.2247141630513377 0.04277587355993525 0.05133767172812726 0.08740359897172235
