0 0.115819859835027 0.4075432990868119 0.10391198044009779 0.16594198475713318
0 0.12702604136820625 0.20319547299985535 0.10268948655256724 0.1775362761124321
0 0.028040265726681127 0.0806735278015805 0.05712219812002892 0.16319890745501286
0 0.3628197306579899 0.6076457321717604 0.052783803326102684 0.12982005141388173
0 0.5153866142443961 0.8602164262591641 0.049891540130151846 0.08740359897172235
0 0.7015760574837311 0.9727043761306294 0.060737527114967445 0.05273939588688953
0 0.8982499548083874 0.07679740312291725 0.1417208966015907 0.15295629820051412
0 0.9875485809833694 0.2207562720175188 0.023861171366594408 0.13753213367609252
0 0.7999130061460593 0.018334196182043225 0.08242950108459865 0.038520244215938304
0 0.6997683929862617 0.015120828572788727 0.06435285610990604 0.032093508997429306
0 0.5931161876355749 0.013192808007236028 0.05929139551699206 0.028237467866323907
