0 0.7117856300061762 0.5343549154038975 0.052974784869727995 0.11086956521739132
0 0.7335867834363221 0.42203603059581324 0.04930722859203082 0.08043478260869566
0 0.19304071129485664 0.5557317159410069 0.039934825197700204 0.059420311969259496
0 0.7694465792655167 0.3713114371430279 0.04930722859203082 0.05
0 0.46626813246549 0.6361664985497025 0.033007334963325204 0.09710142716117524
0 0.6663757183908047 0.46881978485838777 0.0537931034482759 0.09926470588235294
0 0.4332722701149425 0.5588933142701524 0.03448275862068968 0.06862745098039216
0 0.2725826149425287 0.46759429466230934 0.03448275862068965 0.06004901960784316
0 0.2012033045977011 0.5019080201525055 0.046206896551724136 0.0649509803921569
0 0.23499640804597702 0.43450605936819175 0.05586206896551724 0.057598039215686264
0 0.2370653735632184 0.5068099809368193 0.05034482758620688 0.05759803921568631
0 0.16258261494252876 0.6152658632897604 0.046206896551724136 0.08578431372549018
0 0.11396192528735632 0.6373246868191721 0.0496551724137931 0.0759803921568627
0 0.28775502873563213 0.4026433142701525 0.03034482758620687 0.050245098039215674
0 0.12926947758496024 0.6956920046653338 0.04121475054229934 0.053984575835475564
0 0.06093975958062184 0.790165012377416 0.0737527114967462 0.07326478149100261
0 0.06744735177151122 0.6860519018375703 0.04627621113521331 0.06555269922879177
0 0.059132095083152564 0.7355377630200896 0.06579898770788142 0.07712082262210798
0 0.016109680043383947 0.8897794082643055 0.030368763557483733 0.10025706940874039
0 0.012494351048445408 0.802375809292583 0.026030368763557483 0.06426735218508994
