0 0.13904722504433134 0.6705867773476815 0.15851669498061202 0.25144931959069294
0 0.6612558702190621 0.2292824129359542 0.05052972247956144 0.08768114836319636
0 0.6498459148329259 0.5829056289844851 0.1051344743276284 0.15144925324813183
0 0.7900252388081322 0.7618911251737686 0.17033419807266198 0.24855068040930706
0 0.7162681324654901 0.38761578496911486 0.07334963325183376 0.1347826086956522
0 0.66186715447038 0.4481230202888329 0.05745721271393644 0.09057968803074046
0 0.8081589105756865 0.5651519947389859 0.1267318912123701 0.1536232326341712
0 0.9407994600651999 0.7749346034346379 0.11735941320293398 0.2789854630180027
0 0.9393732296322649 0.5205867773476814 0.12021187406880346 0.19637676736582876
0 0.8909333362049162 0.9507246561819171 0.18263266712611995 0.09669883578431379
