0 0.19691194815662888 0.7615288284473757 0.11695190280457292 0.16811603048573368
0 0.5349315267126058 0.426746186580443 0.07986957578029491 0.14202900762143345
0 0.19813444204415942 0.5626157517978344 0.12754687470153958 0.2297101228133492
0 0.29002522015435583 0.09268820450885669 0.06927464119088098 0.10434782608695653
0 0.32670003678027265 0.5992099768105721 0.1157294089170423 0.1942029206649117
0 0.326700055434049 0.788702741490854 0.12632441812156173 0.17028994352921192
0 0.577931805856833 0.27923956250595067 0.09544468546637747 0.16195372750642673
0 0.5576859634851772 0.11342979386841853 0.05639913232104122 0.08740359897172234
0 0.3711349873463485 0.10186167047510235 0.060737527114967445 0.08740359897172235
0 0.35161221077368043 0.022832910834999526 0.05639913232104122 0.0475176735218509
0 0.12276188539407086 0.16355832857278874 0.0730296456977585 0.11568123393316194
0 0.7605059201012292 0.5909362206036372 0.0947216196673897 0.18123393316195374
0 0.7742441702819958 0.7721701537655907 0.060014461315979754 0.13239074550128535
0 0.8313663684020246 0.7586740098067218 0.08026030368763556 0.11825192802056551
0 0.8219665130151843 0.590936220603637 0.06869125090383221 0.11953727506426733
0 0.7590597885032538 0.4489053722745882 0.05422993492407807 0.10539845758354753
0 0.5363555224150398 0.9283599031229173 0.11352133044107013 0.1414283419023137
0 0.6498768528561099 0.931553187184614 0.08893709327548803 0.09383033419023126
0 0.6708457610267534 0.9720617026087784 0.08604483007953725 0.05402474293059125
0 0.820520381417209 0.9508534763876987 0.07013738250180761 0.09644119537275071
0 0.1813302151120752 0.9450694146910407 0.13665943600867678 0.10800931876606691
