0 0.28065277945247236 0.5484853501865062 0.04808477201205301 0.08260869565217396
0 0.17694453555777875 0.7024708463757895 0.061532204774889215 0.08333335544752038
0 0.33321999796251023 0.3546447594192677 0.04156479217603912 0.07753620976987095
0 0.46035936226568874 0.5024708132045089 0.03178484107579464 0.07608695652173912
0 0.43224200285248576 0.6126157517978342 0.02933985330073347 0.07318838368291436
0 0.36317111686078535 0.7524708463757895 0.03463733924921684 0.06884055759595788
0 0.5102778751090375 0.8100795420279634 0.041157319085230765 0.08550726849099861
0 0.47890054443160407 0.6115287952760952 0.032192388781708436 0.06666664455247963
0 0.5585663836664947 0.6278331762734628 0.03993482519770014 0.07608695652173912
0 0.5496014533629725 0.426746186580443 0.039934825197700204 0.06666664455247963
0 0.5946299533486463 0.7868911251737686 0.058272233510658585 0.07101453698199733
0 0.5102778751090375 0.5227606903911597 0.041157319085230765 0.054347826086956486
0 0.30062017339754615 0.19486213413797523 0.02933985330073347 0.037681148363196325
0 0.4353412356321839 0.44492272603485844 0.03862068965517243 0.06617647058823532
0 0.5139619252873563 0.6587707652505448 0.042758620689655184 0.08210784313725486
0 0.5198239942528735 0.7494570397603487 0.03793103448275866 0.07230392156862749
0 0.5243067528735632 0.9247021377995643 0.04551724137931039 0.07965686274509812
0 0.6074102011494252 0.6452903730936821 0.043448275862069015 0.08455882352941181
0 0.5880998563218391 0.8523982162309368 0.03931034482758614 0.07230392156862749
0 0.5598239942528735 0.8873246868191721 0.033793103448275845 0.06862745098039216
0 0.5412033045977012 0.8364668436819171 0.0324137931034483 0.07720588235294118
0 0.5605136494252874 0.7629374319172114 0.0324137931034483 0.07720588235294118
0 0.41018054049168473 0.3377228529943826 0.031814895155459176 0.050128534704370196
0 0.4311494486623283 0.2316817218889841 0.024584237165582046 0.04113110539845761
0 0.4134343365871294 0.05109046224888127 0.02675343456254519 0.05012853470437018
0 0.44344156724511924 0.11342979386841855 0.024584237165582046 0.02827763496143958
0 0.4618797451193058 0.08772285299438257 0.02241503976861896 0.02827763496143959
0 0.47634106109906 0.17576912548795584 0.0253073029645698 0.04241645244215938
0 0.5312940618221258 0.29594907407407406 0.022415039768618902 0.04370179948586118
0 0.5204480748373101 0.2265403337141769 0.02819956616052058 0.05655526992287918
0 0.5486476409978309 0.23425241597638768 0.023861171366594408 0.04884318766066837
0 0.5153866142443961 0.15970228744168335 0.02386117136659435 0.0488431876606684
0 0.4976715021691974 0.14170742882985812 0.024584237165582046 0.04370179948586118
0 0.49188697577729573 0.10700305864990955 0.024584237165582046 0.0488431876606684
0 0.642284661966739 0.6455634699609635 0.033261026753434564 0.08740359897172235
0 0.5934777205350686 0.7278256807578787 0.03398409255242226 0.0668380462724936
0 0.5493707067968185 0.7059747810149481 0.03398409255242226 0.051413881748072016
0 0.5312940618221258 0.5819387912977245 0.03687635574837304 0.06555269922879177
0 0.54575537780188 0.5028899481100638 0.03398409255242232 0.06683804627249354
0 0.590223924439624 0.5639439326858993 0.03904555314533624 0.07326478149100261
0 0.6039621746203904 0.4842524159763877 0.04483007953723792 0.05269922879177379
0 0.6495153199566162 0.5703706679044083 0.023138105567606596 0.05784061696658093
0 0.6285464117859725 0.5793680972103209 0.023138105567606596 0.047557840616966544
0 0.6343309381778741 0.5260261948966961 0.028922631959508276 0.04884318766066837
0 0.6520460502530729 0.4977485599352566 0.032537960954446866 0.051413881748072016
0 0.5949238521330441 0.3043038298581358 0.015184381778741832 0.044987146529563
0 0.6274618130874908 0.7246123131486242 0.03687635574837304 0.06555269922879177
0 0.6802456164135937 0.6821958607064649 0.04699927693420101 0.07069408740359896
0 0.6777148861171367 0.6134297938684186 0.03904555314533624 0.053984575835475564
0 0.6740995571221982 0.5472344211177759 0.033261026753434564 0.060411311053984576
0 0.6303540762834419 0.36921385556507663 0.01663051337671734 0.0334190231362468
0 0.6733764913232105 0.34864830286584786 0.017353579175705035 0.0334190231362468
0 0.8013591377440347 0.5626585856421975 0.021691973969631205 0.05526992287917738
0 0.7613675195267632 0.15114974809368192 0.01860785665058581 0.031862745098039214
