0 0.2276780318902971 0.8731230202888332 0.10105948226667556 0.16811596414317267
0 0.09503744509323107 0.5995723067082454 0.11043196027611171 0.13260869565217395
0 0.9359094845150775 0.5807317159410068 0.1051344743276284 0.1992753402046536
0 0.11969107804302287 0.7546447262479873 0.09861453179916717 0.15869565217391307
0 0.10787363091230201 0.9155143578079398 0.10920946638858117 0.14855068040930716
0 0.9485030278380333 0.25803133628487096 0.08893709327548803 0.1478149100257069
0 0.8642658622559654 0.18862259592497382 0.07519884309472158 0.15552699228791778
0 0.9676642715112075 0.09607760877844425 0.06362979031091835 0.14267352185089974
0 0.9369339750542299 0.04404113705607921 0.08749096167751264 0.08993412596401028
0 0.7370062816341287 0.11214444682471675 0.07953723788864787 0.14652956298200515
0 0.664699701735358 0.19055061649052651 0.04483007953723792 0.10539845758354756
0 0.6010699114244396 0.23875113062934403 0.04627621113521331 0.08354755784061699
0 0.5425015817064353 0.28052490954965253 0.028922631959508276 0.09511568123393314
0 0.5761241413593637 0.19119329001237742 0.048445408532176396 0.08354755784061696
0 0.6242080169920463 0.12306989669618205 0.04483007953723792 0.09125964010282775
0 0.6712072939262473 0.09350691469104067 0.04193781634128702 0.07583547557840618
0 0.5754010755603759 0.10314701751880417 0.03832248734634855 0.07969151670951158
0 0.8114820589298626 0.8100878915547939 0.06796818510484452 0.16452442159383032
0 0.42644952096890815 0.36664316147767306 0.07592190889370934 0.12596401028277635
0 0.3805348427331887 0.30109046224888125 0.06362979031091828 0.11825192802056556
