0 0.28754502284673994 0.5677418706942255 0.10617283950617283 0.14985382347776177
0 0.13775079044294944 0.31335590578194483 0.10205760061005015 0.11476610417951616
0 0.22993184784312307 0.45553425720095864 0.09300412778501158 0.14619887502569903
0 0.3601787802613811 0.47125060916179334 0.11975308641975312 0.19078947368421045
0 0.22415180622559158 0.3686742578976035 0.06064782908339078 0.06495098039215684
0 0.2954819233861705 0.42070014637799563 0.06271536871123355 0.0807674632352941
0 0.5491001177348954 0.42259582652505445 0.0833907649896623 0.1384803921568627
0 0.49982375660464057 0.6597281794662309 0.06616126809097178 0.12745098039215685
0 0.6655715167700436 0.7038458265250545 0.0778773259820813 0.14460784313725486
0 0.6266328537790031 0.9537883816721134 0.06891798759476218 0.09057138480392163
0 0.582869931656329 0.7644501463779957 0.11095796002756698 0.2437576593137255
0 0.6473082500574316 0.5273752382897604 0.11302549965541005 0.2058823529411765
0 0.8165019096025731 0.8882821010348583 0.13301171605789114 0.20955882352941171
0 0.8357989461291064 0.6971056304466231 0.10820124052377669 0.13112745098039216
1 0.42160184068458534 0.2761497480936819 0.058580289455547906 0.1838235294117647
1 0.2923806139444062 0.11377229711328975 0.09235010337698138 0.16053921568627452
0 0.9129870922352401 0.6634046500544661 0.0696071674707099 0.1519607843137255
0 0.9746686911325523 0.654213473583878 0.049620951068228794 0.2561274509803922
0 0.46157427348954744 0.2871791598583878 0.0544452101998622 0.15196078431372553
