0 0.3704668586636766 0.056776941682395415 0.05637862594039351 0.08406431633129453
0 0.1124421484676408 0.26657225774277954 0.05637858826437112 0.08845031470583199
0 0.12725696328245562 0.36233250281499374 0.056378588264371136 0.07383045397306742
0 0.1317837185329861 0.44493485315036585 0.06049382716049383 0.06652049014442843
0 0.11038452901957947 0.5425225724486115 0.05473248517071759 0.07602336950469435
0 0.06326519059546198 0.6335313109161794 0.07654322871455439 0.081140350877193
0 0.0928948296440972 0.7168646777117694 0.04938271604938271 0.057748560319867095
0 0.06594008457513503 0.44347285369218675 0.06296296296296296 0.0928362126935992
0 0.043923620530116704 0.5286336612515514 0.06995885401596258 0.09064329716197232
0 0.6947069323933479 0.9155064326858993 0.08893709327548803 0.16713528277634968
0 0.6495153199566162 0.948925455822146 0.052060737527114986 0.10029723650385608
0 0.6654227675343456 0.6327099995239455 0.06218365871294284 0.09768637532133674
0 0.6433692606652206 0.7310390483671332 0.060014461315979754 0.09383033419023137
0 0.6010699114244396 0.7946637270303722 0.06218365871294284 0.09768637532133674
0 0.5858855296456977 0.8370801794725317 0.04483007953723792 0.08226221079691516
0 0.9777871926970354 0.7728128272874417 0.040491684743311634 0.2467866323907455
0 0.06780888467100506 0.3390082000380843 0.055676066522053515 0.08354755784061695
0 0.04467077910339841 0.7695994596781872 0.07013738250180766 0.07069408740359896
0 0.021894206435285612 0.8627871203465677 0.04483007953723789 0.09254498714652955
0 0.02080960773680405 0.6924786370560793 0.04266088214027476 0.05784061696658093
0 0.015748147143890095 0.6089511627630199 0.03253796095444685 0.0783660025706939
0 0.023340338033261025 0.38463802008949816 0.04772234273318872 0.07969151670951158
0 0.02550953543022415 0.27024213320003804 0.052060737527114966 0.06683804627249354
0 0.013217416847433116 0.47206170260877844 0.0274765003615329 0.0642271850899742
0 0.23809088033261028 0.9643496203465677 0.06796818510484455 0.06944890745501292
0 0.169399629428778 0.9637069468247167 0.05929139551699206 0.07073425449871465
