0 0.6160235963804312 0.5205867773476814 0.04237981297276126 0.07318845002547558
0 0.18366827059297322 0.7792824295215944 0.061124694376528114 0.0992754065472147
0 0.2991939429646114 0.8281954729998554 0.04523227383863079 0.06376807171365487
0 0.12172857407349927 0.6941374909282692 0.05949469009063645 0.14637683370838994
0 0.220954315508879 0.5864338385202572 0.05338222065298363 0.0874912680228009
0 0.24560794845867082 0.7075432990868119 0.054604751848066964 0.054347826086956486
0 0.20098692156380527 0.9202244806212888 0.06397715524239761 0.07826086956521737
0 0.42103582131930656 0.41370270831957345 0.036267343535108465 0.04492751411769699
0 0.06651259393544341 0.8376157517978344 0.05827223351065861 0.09710142716117524
0 0.35088914497469265 0.8229413619918119 0.05350686912509038 0.09768637532133674
0 0.34908148047722337 0.745177865847853 0.049891540130151846 0.07583547557840616
0 0.3067821312364425 0.7573886627630201 0.04338394793926247 0.07712082262210798
0 0.2948515455531453 0.686694575359421 0.03832248734634849 0.07197943444730079
0 0.300636071945047 0.6301393054365418 0.032537960954446866 0.04884318766066837
0 0.2774979663774404 0.5935069146910407 0.0368763557483731 0.07069408740359896
0 0.2539983279103399 0.6468488170046653 0.03326102675343459 0.053984575835475564
0 0.25182913051337674 0.5408076858992668 0.031814895155459176 0.06555269922879177
0 0.2243526301518438 0.5067459892411692 0.03759942154736079 0.0616966580976864
0 0.1961530639913232 0.5472344211177758 0.030368763557483722 0.05784061696658093
0 0.1665073662328272 0.6160004879558221 0.040491684743311634 0.10539845758354759
0 0.19723766268980478 0.6828385342283156 0.052783803326102684 0.08483290488431881
0 0.2605059201012292 0.7805249095496525 0.03904555314533621 0.10796915167095113
0 0.25869825560376 0.8833526730457965 0.04266088214027475 0.089974293059126
0 0.21856810375994218 0.8255120560792155 0.03904555314533624 0.089974293059126
0 0.06997808206796817 0.7316817218889842 0.05422993492407809 0.10282776349614393
0 0.15168451735357916 0.8730698966961821 0.04844540853217644 0.07969151670951162
0 0.12456954989154012 0.8235840355136628 0.040491684743311634 0.09383033419023137
0 0.4488645607375271 0.39299277587355996 0.03398409255242226 0.050128534704370196
0 0.4051190798987708 0.4469773517090355 0.031814895155459176 0.050128534704370196
