0 0.05917763061026003 0.9216737338694208 0.08924205378973105 0.12753627611243218
0 0.27739278953446544 0.9430505675778106 0.06275466135486706 0.09927527386209237
0 0.14780843745622582 0.651746186580443 0.06927467849843369 0.094927514117697
0 0.29797143042330443 0.8151520279102663 0.06642218032501145 0.1086957185164742
0 0.3211988142863851 0.7086302556085511 0.0493072658995836 0.08985502823539399
0 0.12111730847595761 0.5723983604934866 0.0745721271393643 0.09710142716117524
0 0.22421430542688597 0.8589925523349438 0.04686224081696976 0.10652173913043483
0 0.3079551367227295 0.549934603434638 0.054604751848066964 0.08985502823539399
0 0.5341165059158834 0.5582679257108778 0.059494727398189146 0.08333335544752038
0 0.633138510805859 0.43507954202796345 0.04237981297276126 0.08768118153447692
0 0.8175313512775697 0.5213114039717474 0.05990220048899755 0.094927514117697
0 0.6938556947840262 0.2539201162095615 0.04400977995110023 0.07608698969301973
0 0.7136170977011494 0.6710256672113291 0.036551724137931056 0.09436274509803919
0 0.012582614942528736 0.5925942946623094 0.02620689655172414 0.08210784313725486
0 0.20430675287356326 0.5723737064270151 0.05931034482758622 0.09068627450980386
0 0.13154813218390804 0.7678393927015251 0.06413793103448277 0.10661764705882351
0 0.1770653735632184 0.8064423338779956 0.06137931034482757 0.10049019607843135
0 0.24672054597701149 0.7494570397603486 0.06689655172413793 0.14583333333333334
0 0.194996408045977 0.7041139025054467 0.05310344827586206 0.09681372549019614
0 0.28292744252873564 0.6838933142701524 0.03586206896551725 0.08578431372549018
0 0.24016882183908045 0.6330354711328976 0.053793103448275835 0.10906862745098037
0 0.26327227011494253 0.5417364515250545 0.04344827586206899 0.061274509803921524
0 0.274996408045977 0.4902658632897603 0.047586206896551735 0.06617647058823527
0 0.3736170977011494 0.4755599809368191 0.033793103448275845 0.07843137254901959
0 0.28982399425287353 0.4247021377995643 0.03862068965517243 0.0625
0 0.32982399425287356 0.43328056917211333 0.03862068965517243 0.08455882352941181
0 0.8598239942528735 0.41060900054466226 0.06137931034482757 0.10294117647058824
0 0.8839619252873563 0.5264178240740741 0.06689655172413798 0.1115196078431373
0 0.8198239942528734 0.34994723583878 0.05172413793103452 0.07475490196078433
0 0.9508584770114943 0.5981090005446624 0.07241379310344828 0.11519607843137253
0 0.9277550287356322 0.7849962554466231 0.0703448275862069 0.10171568627450983
0 0.974996408045977 0.4982315495642701 0.04482758620689656 0.08700980392156861
0 0.9494791666666667 0.43021684368191726 0.06275862068965524 0.09313725490196077
0 0.2056860632183908 0.08769233387799565 0.05241379310344829 0.09926470588235295
0 0.15947916666666667 0.9517778118191721 0.09655172413793102 0.09459252450980397
0 0.351548132183908 0.9652582039760348 0.05586206896551721 0.06763174019607848
0 0.3197973156182212 0.06458660620775017 0.03759942154736079 0.08226221079691516
0 0.2597828543022415 0.07808275016661906 0.04916847433116412 0.08611825192802056
0 0.22254496565437454 0.41355832857278874 0.0368763557483731 0.060411311053984576
0 0.29232081525668835 0.604432364562506 0.04627621113521331 0.06940874035989714
0 0.6491537870571221 0.12371257021803296 0.02819956616052058 0.038560411311054
0 0.760867453000723 0.2721701537655908 0.027476500361532884 0.060411311053984576
0 0.7879824204627621 0.15905961391983245 0.023861171366594408 0.05526992287917738
0 0.9109036062906725 0.2291110278015805 0.03398409255242226 0.061696658097686374
0 0.9528414226319595 0.16227298152908692 0.036876355748373155 0.07969151670951158
0 0.9098190075921909 0.15199020517947254 0.03759942154736085 0.07455012853470439
0 0.9440001866528831 0.7148752382897603 0.05720192970365261 0.10049019607843135
0 0.9440001866528831 0.9207575912309369 0.08063404548587177 0.1029411764705883
0 0.803752081897542 0.04759582652505447 0.0289455547898001 0.028186274509803926
0 0.8216707586721802 0.01879680691721133 0.03170227429359068 0.034313725490196074
