1 0.6366022559230465 0.7108041686520294 0.10228193884665338 0.11884062393851909
1 0.8020822035430224 0.4656148838427116 0.07809110629067248 0.1593830334190231
1 0.7821978940708604 0.31137323859849564 0.060014461315979754 0.15424164524421594
1 0.8581198029645698 0.3377228529943826 0.0976138828633406 0.15809768637532137
1 0.8874039678235719 0.49774855993525646 0.08098336948662327 0.15681233933161956
1 0.5645550885755604 0.2683141126344854 0.07158351409978306 0.10411311053984576
1 0.5410554501084598 0.3762832643054365 0.08098336948662327 0.11953727506426733
0 0.5367170553145336 0.6487768375702181 0.05639913232104122 0.13239074550128535
0 0.8114820589298626 0.6417074288298582 0.08242950108459865 0.12082262210796915
0 0.41524200108459874 0.09993364990954967 0.09689081706435285 0.13496143958868895
