0 0.4529771592881944 0.6346278356065062 0.0765432098765432 0.14619880810118557
0 0.13651620370370368 0.2548763624641165 0.06172839506172837 0.10745614035087717
0 0.3426890432098766 0.36123601158692353 0.07407407407407411 0.10964912280701751
0 0.41408823272328316 0.5165722577427795 0.07942384319540896 0.11915206909179688
0 0.5236004623248335 0.5739438657407407 0.09166092350103376 0.14460784313725486
0 0.5222221025729382 0.4881595520152506 0.06822880771881466 0.07843137254901965
0 0.47294574144268325 0.48019386574074074 0.04824259131633356 0.09681372549019608
0 0.41333168217321387 0.41830661083877996 0.058580289455547906 0.071078431372549
0 0.07632272283482655 0.15911543436819173 0.06409372846312889 0.09926470588235294
0 0.7027872300712155 0.9281105324074075 0.10957960027567198 0.1348039215686275
0 0.7089898489547438 0.7969830814270151 0.07098552722260507 0.12254901960784316
0 0.6376597317941649 0.7920811206427016 0.06753962784286702 0.12009803921568632
0 0.7513744113255226 0.7130370029956428 0.049620951068228794 0.14093137254901955
0 0.7055439495750058 0.5911007284858387 0.07098552722260507 0.13235294117647065
0 0.688659042614289 0.6799487677015251 0.04824259131633361 0.09926470588235298
0 0.7034764099471629 0.44036543436819164 0.08339076498966236 0.1544117647058823
0 0.6462744802435102 0.6462477873093682 0.048931771192281204 0.11519607843137253
0 0.6417948110498507 0.5004144539760348 0.049620951068228794 0.11519607843137253
1 0.5911400901677005 0.35948308142701524 0.0599586492074432 0.125
0 0.48362802951987144 0.13399288534858386 0.07098552722260514 0.15441176470588236
