0 0.13939687469859183 0.7482974150956955 0.12345679012345677 0.15277782239412008
1 0.3887895114942529 0.9431993804466231 0.1 0.111749387254902
0 0.39603089080459775 0.8425942946623094 0.06482758620689655 0.11397058823529416
0 0.45154813218390805 0.8701678240740741 0.05310344827586206 0.07843137254901965
0 0.4563757183908046 0.6930844907407407 0.0324137931034483 0.06985294117647065
0 0.38396192528735634 0.4945550789760349 0.036551724137931056 0.05759803921568631
0 0.4812033045977011 0.6777658632897604 0.029655172413793094 0.07352941176470586
0 0.36051364942528735 0.38180998093681917 0.04482758620689656 0.0625
0 0.5059867588575561 0.6256405907835856 0.03976861894432394 0.08097686375321335
0 0.8957192245119306 0.5472344211177758 0.07592190889370928 0.10925449871465295
0 0.7727980386840203 0.7014760663619918 0.0976138828633406 0.13753213367609254
0 0.8320894342010123 0.7740981743311434 0.07881417208966018 0.12596401028277635
0 0.7789440979754158 0.5305249095496525 0.09110629067245123 0.1401028277634962
0 0.9734487979031091 0.5517331357707321 0.04627621113521331 0.12596401028277635
0 0.5244249367317425 0.8782112848709892 0.05350686912509032 0.10539845758354759
0 0.5623858911785973 0.950833392840141 0.051337671728127296 0.08097686375321335
0 0.4955023047722342 0.7618873774159763 0.030368763557483722 0.05269922879177374
0 0.5190019432393348 0.7014760663619918 0.02964569775849603 0.06298200514138812
0 0.9025883496023138 0.7207562720175188 0.08966015907447572 0.16066838046272497
0 0.9701950018076644 0.4559747810149481 0.05856832971800436 0.15295629820051407
0 0.9354878434562545 0.39042208178615634 0.08026030368763556 0.13239074550128532
0 0.9683873373101953 0.32551205607921546 0.06218365871294284 0.13624678663239073
0 0.9145189352856109 0.283738277158907 0.06435285610990604 0.10668380462724933
0 0.8335355657989877 0.4424786370560792 0.08749096167751264 0.16709511568123392
0 0.864988928054953 0.2631727244596782 0.0766449746926971 0.09897172236503857
0 0.7876208875632682 0.2586740098067219 0.08098336948662327 0.17737789203084833
0 0.8306433026030369 0.6327099995239455 0.06724511930585682 0.1285347043701799
