0 0.5734400841698184 0.6705867773476815 0.08516709903633099 0.16159415867017662
0 0.6716470682630719 0.8046447925905484 0.08516709903633099 0.17753627611243206
0 0.4896992155664222 0.9082679588821585 0.09046454767726164 0.16304347826086968
0 0.49825667277913616 0.7426882045088568 0.07334963325183376 0.1347826086956522
0 0.10440990444889085 0.6658766213630517 0.08679706601466994 0.12318838368291446
0 0.18753948880096907 0.4354418387543561 0.06397715524239761 0.11594205109969433
0 0.16370085799412315 0.5640650382172466 0.08231456355535605 0.10942024562669839
0 0.7262518201111389 0.6564563425650727 0.05582724573559747 0.12318845002547558
0 0.6557546477251746 0.6140650382172468 0.06642214301745876 0.13260869565217395
0 0.46891685678595535 0.6194998208259423 0.0651996491299282 0.11594198475713322
0 0.18753948880096907 0.6944998208259424 0.0558272457355975 0.11811589780061146
0 0.29206271618483215 0.5521085164781162 0.0651996491299282 0.0855072021484375
0 0.1170423350687812 0.3854418719256366 0.06886716810007258 0.13043478260869568
0 0.5475639759862724 0.4847172121302902 0.04645476772616135 0.11159415867017662
0 0.5654938739008698 0.8586302887798316 0.07171966627349485 0.19130441416864805
0 0.7791343390804599 0.6820550789760349 0.043448275862069015 0.08700980392156865
0 0.23016882183908044 0.5129374319172114 0.04482758620689656 0.07965686274509808
0 0.2356860632183908 0.6066874319172114 0.06827586206896552 0.11519607843137253
0 0.3770653735632184 0.5478639025054466 0.057241379310344814 0.12990196078431368
0 0.4260308908045977 0.6023982162309368 0.036551724137931056 0.1115196078431372
0 0.5208584770114942 0.5913688044662311 0.042758620689655184 0.13112745098039216
0 0.6067205459770115 0.5251923338779956 0.060000000000000026 0.10661764705882357
0 0.7543067528735631 0.8009276279956428 0.060000000000000026 0.13112745098039216
0 0.8412033045977011 0.6961482162309368 0.07379310344827582 0.14705882352941183
0 0.8063757183908045 0.594432529956427 0.06620689655172415 0.107843137254902
0 0.7470653735632184 0.5699227260348584 0.051034482758620686 0.1029411764705882
0 0.68465158045977 0.5098737064270152 0.08482758620689654 0.15196078431372556
0 0.6398239942528735 0.9449227260348584 0.10413793103448275 0.1029411764705882
0 0.5108584770114943 0.4645305691721133 0.04758620689655177 0.08823529411764702
0 0.29085847701149425 0.4369570397603486 0.0462068965517241 0.08455882352941176
0 0.26947916666666666 0.4712707652505447 0.047586206896551735 0.09436274509803919
0 0.24223778735632184 0.38609919662309367 0.052413793103448264 0.09558823529411767
0 0.268099856321839 0.35484919662309367 0.05172413793103446 0.10171568627450983
0 0.29603089080459777 0.6612217456427015 0.04827586206896554 0.1115196078431372
0 0.24085847701149424 0.7090158632897603 0.05517241379310344 0.07965686274509802
0 0.11809985632183907 0.4914913534858388 0.06344827586206896 0.09558823529411767
0 0.044996408045977015 0.7451678240740741 0.05517241379310345 0.10539215686274514
0 0.8239619252873563 0.5307070397603486 0.08206896551724133 0.14950980392156865
0 0.10430675287356322 0.25619723583877996 0.07862068965517241 0.1053921568627451
0 0.11189295977011494 0.0588933142701525 0.056551724137931046 0.09313725490196077
0 0.124996408045977 0.1593835103485839 0.05379310344827585 0.09313725490196077
0 0.18120330459770115 0.3082805691721133 0.06551724137931035 0.12377450980392159
0 0.23396192528735635 0.2684521377995643 0.044137931034482755 0.08333333333333334
0 0.12673874728850323 0.7747408478529944 0.06362979031091828 0.0784061696658098
0 0.0840778651482285 0.7875943182900124 0.0636297903109183 0.09125964010282772
0 0.6108312997107735 0.4174143697038941 0.06290672451193054 0.11696658097686373
0 0.7348370842371655 0.9444267411691898 0.0983369486623283 0.10929466580976864
0 0.7868978217642806 0.8177999738170046 0.0477223427331887 0.11825192802056551
0 0.4503106923355025 0.49453519232600207 0.07158351409978311 0.11953727506426738
0 0.5533475686912509 0.3910647553080073 0.05495300072306577 0.08997429305912595
0 0.7586982556037599 0.42448377844425406 0.06362979031091835 0.0976863753213368
0 0.6943453994938539 0.4058462463105779 0.05784526391901667 0.07069408740359896
0 0.2156758405639913 0.16805704322574502 0.05061460592913954 0.10925449871465297
0 0.1618074385394071 0.12564059078358564 0.038322487346348515 0.09125964010282775
0 0.053709101590744754 0.4469773517090355 0.06073752711496747 0.11439588688946013
0 0.07359341106290672 0.5735840355136628 0.07013738250180766 0.13110539845758354
0 0.8187127169197396 0.9405506164905266 0.06218365871294284 0.11182519280205659
0 0.35027172352400643 0.6149977873093683 0.049620951068228794 0.10416666666666667
