0 0.4562844075122887 0.7158766213630517 0.04237973835765588 0.07101447063943611
0 0.5410554501084598 0.6969773517090354 0.0361532899493854 0.05912596401028276
0 0.5511783712942878 0.7792395625059507 0.026030368763557493 0.04113110539845753
0 0.5790164045553146 0.8589310792154623 0.02964569775849597 0.0616966580976864
0 0.5403323843094723 0.8563603851280587 0.030368763557483785 0.05912596401028276
0 0.5204480748373101 0.7953064005522231 0.035430224150397704 0.06298200514138812
0 0.49839456796818504 0.8454349352565933 0.03470715835140995 0.06555269922879177
0 0.4495876265365148 0.7869516447681615 0.03976861894432394 0.07455012853470433
0 0.5341863250180766 0.9167716961820432 0.03398409255242232 0.0668380462724936
0 0.550816838394794 0.9405506164905264 0.042660882140274775 0.06555269922879166
0 0.944164633044107 0.7914503594211177 0.041214750542299325 0.10154241645244222
0 0.9105420733911785 0.8171573002951538 0.020245842371655817 0.060411311053984576
