0 0.45180194236052745 0.549934603434638 0.09453950243066167 0.17971018915591036
1 0.6683870969988412 0.3839925523349437 0.11858190709046461 0.15652173913043485
0 0.548175185622485 0.6111664985497025 0.08516709903633099 0.15144925324813183
1 0.45098692156380527 0.12710849989247594 0.14343925793188414 0.24420288749363114
1 0.4603593622656887 0.40283317627346277 0.12224938875305623 0.10869565217391303
0 0.21015562572028448 0.11406503821724664 0.0986145317991672 0.13695652173913045
1 0.2767749005784526 0.482324395410835 0.09616775126536513 0.13110539845758354
0 0.3118435918293565 0.14170742882985812 0.08098336948662327 0.13624678663239076
0 0.09636998373101952 0.05046787227458821 0.1099060014461316 0.10278759640102827
0 0.21133744577006508 0.013835481529086927 0.09110629067245117 0.02952281491002571
