1 0.8825272638620937 0.588702741490854 0.09453950243066167 0.15869565217391307
1 0.6599997740419378 0.7946637270303721 0.09327548806941431 0.13367609254498708
1 0.7944900126536515 0.5600878915547939 0.06579898770788144 0.1683804627249357
1 0.7644827819956616 0.43283853422831575 0.06218365871294284 0.13239074550128535
1 0.8288356381055676 0.4270544725316576 0.07086044830079541 0.14138817480719792
0 0.7673750451916123 0.04275579001237742 0.10267534345625447 0.08736343187660668
0 0.803166802241504 0.15201028872703035 0.08604483007953725 0.123353149100257
0 0.6386693329718004 0.14620614348281444 0.11279826464208244 0.17866323907455015
0 0.86751965835141 0.06330125916404837 0.06724511930585682 0.08997429305912596
0 0.9362109092552423 0.16163030800723605 0.07447577729573389 0.11439588688946015
0 0.9654950741142444 0.11085909978101495 0.06507592190889373 0.14138817480719795
