0 0.45098692156380527 0.8843548822326169 0.09616954402410602 0.17753620976987086
0 0.5991124558079602 0.8680505675778106 0.07049717238596429 0.1391304347826087
0 0.7562029203556375 0.8847172453015708 0.057049739623128086 0.13478267503821342
0 0.64189974187153 0.4608041686520293 0.07294216016102541 0.13043478260869568
0 0.7254372288503254 0.15070485813577075 0.04193781634128702 0.10282776349614396
0 0.6784379519161243 0.10121899695325146 0.052060737527114986 0.08097686375321336
0 0.6368616684743311 0.020262216747595926 0.055676066522053466 0.042376285347043706
0 0.6820532809110629 0.023475584356850425 0.03904555314533624 0.0488030205655527
0 0.7319448210412147 0.04147044296867562 0.04916847433116409 0.08479273778920308
0 0.7912362165582069 0.03183034014091212 0.06652205350686913 0.0655125321336761
0 0.7793056308749096 0.12371257021803296 0.04989154013015178 0.09254498714652958
