0 0.09238872077276578 0.6774708463757895 0.126324380814009 0.1797101228133492
0 0.31916131825590877 0.6053693860433336 0.10391198044009779 0.14420285432235058
0 0.2442369396240058 0.9508534763876987 0.10050614605929141 0.09644119537275071
0 0.3555890726681128 0.758031336284871 0.07158351409978311 0.11953727506426733
0 0.3827040401301518 0.8235840355136628 0.06941431670281997 0.12210796915167088
0 0.421749593275488 0.7149722103208608 0.05639913232104122 0.10025706940874039
0 0.444164633044107 0.6249979172617347 0.06941431670281997 0.15938303341902316
0 0.4184957971800433 0.32037066790440827 0.06146059291395514 0.12082262210796915
0 0.3273895065075922 0.3338668118632771 0.07736804049168473 0.14524421593830333
0 0.2514675976138829 0.5093166833285728 0.07158351409978306 0.11825192802056551
0 0.20446832067968182 0.41869971674759593 0.1019522776572668 0.1426735218508998
0 0.12167728669558929 0.4855377630200895 0.10412147505422992 0.14010282776349609
0 0.04105545010845988 0.5356662977244597 0.06724511930585683 0.14267352185089974
0 0.2348370842371656 0.277311541940398 0.07302964569775854 0.11439588688946016
