0 0.2780040364782307 0.5948621507236155 0.08516709903633099 0.13768118153447687
0 0.4617856300061761 0.8303693860433335 0.07457212713936431 0.1536232326341712
0 0.2601443872017354 0.9444267411691898 0.14244396240057847 0.10929466580976864
0 0.3628197306579899 0.5157434185470817 0.07881417208966018 0.13624678663239073
0 0.7521906634128706 0.18348120775016663 0.05639913232104116 0.08097686375321336
0 0.729052557845264 0.08836552651623346 0.0477223427331887 0.11439588688946013
0 0.7677365780911063 0.027331625487955823 0.060014461315979754 0.0565151028277635
0 0.8729426518438178 0.680910513662763 0.06507592190889373 0.12210796915167098
0 0.4213880603759942 0.9373573324288299 0.07736804049168473 0.12343348329048849
0 0.20338372198120028 0.3126585856421975 0.0549530007230658 0.08997429305912595
0 0.2764133676789588 0.16612902266019233 0.04483007953723789 0.11053984575835477
0 0.6910916033984091 0.43733724888127207 0.05712219812002897 0.0951156812339332
