0 0.05647505771966627 0.7716892725775348 0.08189301667390046 0.1483918574818393
0 0.3735532407407407 0.5450810631348607 0.04691358024691355 0.08552631578947367
0 0.12276188539407086 0.9309305972103209 0.1193058568329718 0.1362869537275064
0 0.12348495119305855 0.803018482814434 0.06001446131597974 0.11696658097686378
0 0.11191589840925524 0.6577742668761306 0.08170643528561099 0.11182519280205659
0 0.09564691793203181 0.38977940826430546 0.06218365871294287 0.07712082262210798
0 0.15493831344902387 0.36342979386841856 0.04193781634128705 0.060411311053984576
0 0.2077221167751265 0.22589766019232602 0.06796818510484455 0.10154241645244216
0 0.19036853759942157 0.12692593782728745 0.05639913232104122 0.09640102827763497
0 0.14806918835864064 0.16355832857278874 0.060014461315979754 0.07969151670951158
0 0.342573888286334 0.27602619489669616 0.042660882140274775 0.08354755784061696
0 0.3176281182212581 0.4611161691897553 0.03470715835140995 0.06298200514138817
0 0.5157481471438901 0.28438095068075786 0.03470715835140995 0.08226221079691516
0 0.5475630422993492 0.2355377630200895 0.04193781634128702 0.0668380462724936
0 0.5139404826464208 0.213044189755308 0.035430224150397704 0.07069408740359896
0 0.6607228398409255 0.3929927758735599 0.03976861894432394 0.06555269922879177
0 0.6281848788864788 0.30815987098924114 0.04699927693420101 0.07326478149100256
0 0.6426461948662329 0.27088480672188897 0.04555314533622561 0.06555269922879177
0 0.6202311550976138 0.2284683542797296 0.03543022415039765 0.06812339331619537
0 0.5905854573391179 0.1738411049224031 0.052783803326102684 0.09254498714652955
