0 0.18489076448050376 0.6553693860433336 0.061124694376528114 0.09202894127887233
0 0.22543679931441657 0.7792824295215944 0.0623471882640587 0.0992754065472147
0 0.34259245731816995 0.7723983604934865 0.057049702315575365 0.08115944240404213
0 0.3745810535931451 0.9082679588821584 0.06805218461090311 0.12536223038383149
0 0.43957700348522183 0.7829055958132045 0.0651996491299282 0.10217391304347824
0 0.37702604136820633 0.6894273349436394 0.04930722859203088 0.07608695652173912
0 0.5420627161848321 0.6314563425650728 0.04930722859203082 0.08333328910495925
0 0.3904734741310424 0.5792824295215945 0.04930722859203088 0.07318845002547558
0 0.4681214823110499 0.6474732775054467 0.044107512060647856 0.08578431372549018
0 0.49947916666666664 0.7504144539760348 0.05720192970365267 0.12254901960784316
0 0.6004440184929933 0.7571546500544661 0.050999310820124086 0.10171568627450983
0 0.6524770991270389 0.7871791598583878 0.058580289455547906 0.12254901960784316
0 0.6131938461980243 0.6186742578976034 0.03101309441764298 0.07230392156862749
0 0.6104371266942339 0.5586252382897604 0.036526533425224036 0.06495098039215684
0 0.5752889530209051 0.5524977873093682 0.0392832529290145 0.07230392156862749
0 0.5632283051918219 0.4912232775054466 0.03721571330117162 0.0674019607843137
0 0.5559919164943716 0.4262722971132898 0.03239145416953827 0.07965686274509802
0 0.5880387807259363 0.46303700299564277 0.034458993797381154 0.07965686274509808
0 0.5043034257983001 0.5016399441721133 0.04479669193659544 0.09313725490196081
0 0.5084385050539858 0.4287232775054466 0.04755341144038597 0.08700980392156861
0 0.5105060446818287 0.36254680691721136 0.05582356995175738 0.07720588235294118
0 0.45985132379967836 0.4685517088779957 0.04272915230875256 0.08088235294117649
0 0.4136762721111877 0.4832575912309368 0.049620951068228794 0.06617647058823527
0 0.4274598696301401 0.4232085716230936 0.04135079255685733 0.06617647058823527
0 0.467776892373076 0.41279190495642704 0.035148173673328745 0.06495098039215684
0 0.45778378417183546 0.3686742578976035 0.04135079255685733 0.047794117647058834
0 0.37404842924419945 0.4422036696623094 0.042039972432804974 0.07230392156862743
0 0.3971359550884448 0.3858311206427016 0.045485871812543086 0.06985294117647059
0 0.34510287445439936 0.5096056304466231 0.04755341144038597 0.08455882352941176
0 0.31512354985067775 0.5782330814270153 0.04135079255685733 0.08455882352941181
0 0.2837658654950609 0.5267624931917211 0.048931771192281176 0.07230392156862749
0 0.08493747128417183 0.07026739515250544 0.05237767057201929 0.07352941176470588
0 0.1972737910636343 0.023028577750544663 0.05375603032391455 0.04790900735294118
