0 0.36663484332419655 0.6289201327952019 0.11572944622459508 0.18695652173913044
0 0.49477923897324655 0.437337248881272 0.05784526391901661 0.07969151670951158
0 0.5280402657266811 0.9463547617347425 0.08098336948662327 0.10543862467866327
0 0.7539983279103398 0.6699850637912976 0.07881417208966018 0.20308483290488433
0 0.9651335412147506 0.49003647767304587 0.06869125090383221 0.16966580976863752
0 0.9759795281995662 0.30301848281443394 0.04699927693420101 0.14267352185089974
0 0.9857409164859002 0.15970228744168333 0.027476500361532884 0.10025706940874035
0 0.8378739605929139 0.7528899481100639 0.07013738250180761 0.10925449871465295
1 0.6079390365148228 0.17898249309721032 0.05856832971800436 0.11825192802056556
1 0.6495153199566162 0.08258146481957537 0.03904555314533624 0.09768637532133677
0 0.5916700560375994 0.056231850423688466 0.0723065798987708 0.11182519280205656
1 0.5157481471438901 0.18862259592497382 0.05929139551699206 0.1452442159383033
1 0.4090959417932032 0.2381084571074931 0.06724511930585682 0.14138817480719795
1 0.34148928958785246 0.2348950894982386 0.05639913232104122 0.14267352185089974
1 0.23917547903109182 0.475897660192326 0.0730296456977585 0.10282776349614399
0 0.43765704085321766 0.5433783799866705 0.06507592190889373 0.0784061696658098
0 0.4647720083152567 0.5041752951537656 0.08893709327548809 0.09511568123393314
0 0.4051190798987708 0.482324395410835 0.060737527114967445 0.10539845758354753
0 0.47995639009399854 0.3312961177758736 0.052783803326102684 0.09383033419023137
