0 0.32181007988392674 0.5807317159410068 0.09046454767726164 0.15579707933508832
0 0.09972367477106098 0.6423259077824641 0.13039935422118545 0.14710149350373647
0 0.25363679501084596 0.9000621846139198 0.08749096167751264 0.11825192802056561
0 0.2489368673174259 0.49003647767304576 0.06796818510484455 0.13110539845758348
0 0.10721597071583513 0.4649722103208607 0.08821402747650037 0.1632390745501285
0 0.03093252892263196 0.546591747595925 0.05567606652205351 0.1876606683804627
0 0.20338372198120028 0.41034496096353423 0.07809110629067245 0.13881748071979433
0 0.3194357827187274 0.31458660620775014 0.07447577729573389 0.13239074550128532
0 0.4087344088937093 0.29466372703037225 0.060737527114967445 0.11053984575835477
0 0.4387416395516992 0.5761547296010663 0.06435285610990599 0.11568123393316196
0 0.34763534887924796 0.7246123131486242 0.060014461315979754 0.11182519280205659
0 0.38595783622559654 0.796591747595925 0.06435285610990599 0.08097686375321335
0 0.41524200108459863 0.6815531871846139 0.05639913232104122 0.09768637532133674
