0 0.49825671008668887 0.9405143578079398 0.057049739623128086 0.08550720214843761
0 0.30062017339754615 0.5060940458386801 0.039934825197700204 0.10652173913043483
0 0.43978074003062606 0.29449980424030203 0.04930730320713632 0.11376810488493548
0 0.48766173818972214 0.3002969001610306 0.05460475184806691 0.11086956521739132
0 0.3299600266982796 0.04262026972624799 0.05052972247956144 0.08709239130434783
0 0.32630490780911064 0.847362955822146 0.07086044830079535 0.10025706940874039
0 0.411988204989154 0.8827099995239455 0.0730296456977585 0.06812339331619542
0 0.265928913593637 0.8917074288298582 0.04699927693420101 0.06298200514138823
0 0.5309325289226319 0.2381084571074931 0.04916847433116409 0.07969151670951155
0 0.43982623825018075 0.9656148838427115 0.04916847433116415 0.06426735218508994
