0 0.8154938739008697 0.36297806510986724 0.1251018496189257 0.25507245271102247
0 0.5188353323217515 0.8042824295215945 0.11206196456200335 0.16811589780061145
0 0.8466674680328992 0.8694998208259423 0.17440915282606206 0.2507245934527853
0 0.07058757666950802 0.2372534550714416 0.07701713356820179 0.11376813805621606
0 0.5381914979768363 0.35464472624798715 0.05460467723296152 0.10217391304347824
0 0.3405549612876936 0.24449980424030204 0.06356968215158923 0.11376810488493551
0 0.4456894729228747 0.3926882376801373 0.06682969072337255 0.11159422501273779
0 0.5929274425287355 0.9425866353485838 0.12206896551724136 0.11297487745098046
0 0.47016882183908043 0.9609689882897604 0.10413793103448275 0.07621017156862749
0 0.4463338304410701 0.28887966533371423 0.04627621113521331 0.10154241645244216
0 0.48754858098336945 0.32808275016661903 0.04627621113521331 0.08740359897172235
0 0.5190019432393348 0.45019071931829 0.057122198120028916 0.10539845758354753
0 0.48321018618944317 0.5189567861563363 0.05061460592913954 0.08868894601542418
0 0.46043361352133044 0.5915788941254879 0.051337671728127234 0.07969151670951162
0 0.7174835050614606 0.9360719853851281 0.08098336948662327 0.12600417737789202
0 0.6534921818510484 0.7201135984956679 0.0498915401301519 0.089974293059126
