0 0.30524050865644287 0.5483705033568146 0.10370370370370369 0.15497073792574703
0 0.15750387686270256 0.2647447667856198 0.09794239938994985 0.11695905317339982
0 0.2540059407552083 0.4292184677272744 0.09259259259259262 0.12719298245614027
0 0.3791088151343074 0.44237636246411655 0.11152264630353005 0.2046783179567571
0 0.2480388500072338 0.3360167133413095 0.0781892752941744 0.08845024778131853
0 0.5933063271604937 0.7658413082070751 0.11851851851851845 0.21710533008240818
0 0.5142965339995406 0.645635042211329 0.06753962784286702 0.14093137254901966
0 0.5835591115322766 0.6174487677015251 0.07512060647829083 0.12132352941176469
0 0.5587486359981623 0.5255370029956428 0.05444521019986214 0.10171568627450983
0 0.8809402280036757 0.5598507284858387 0.1268090971743625 0.16053921568627452
0 0.6497203796232485 0.9439844601034858 0.13025499655410067 0.11017922794117649
0 0.4781145905122904 0.515120336328976 0.0792556857339766 0.12009803921568621
0 0.5067155553641167 0.4912232775054466 0.04686423156443832 0.1360294117647059
1 0.45089198541235936 0.24122327750544661 0.06202618883528602 0.16789215686274508
1 0.31546813978865157 0.07020995029956427 0.0737422467263956 0.1422717524509804
0 0.6249099040891339 0.5053164147603486 0.06547208821502414 0.11029411764705878
0 0.6514433293131174 0.5665909245642701 0.07305306685044795 0.16666666666666669
0 0.8482041838961635 0.7332575912309368 0.12474155754651962 0.14705882352941183
0 0.9264260998162187 0.7142624931917211 0.06616126809097173 0.13602941176470584
0 0.9812158999540548 0.694041904956427 0.036526533425224036 0.215686274509804
