0 0.22951177272159295 0.8908766545343324 0.09983698837914501 0.16594211744225554
0 0.09911243715418386 0.6031954729998553 0.11287694805117283 0.1543478260869565
0 0.7629266367370557 0.11406502163160637 0.07864708189276434 0.15144928641941238
0 0.12854641178597254 0.7561033157193183 0.11496746203904555 0.16452442159383032
0 0.10576983911785973 0.9322159442540227 0.12581344902386118 0.13371625964010286
0 0.9018652838033262 0.21432953679900982 0.0983369486623283 0.17609254498714658
0 0.9770641268980477 0.29659174759592494 0.04483007953723792 0.15038560411311053
0 0.9495876265365147 0.6249979172617347 0.09978308026030369 0.2185089974293059
0 0.6383078000723065 0.24132182471674762 0.0730296456977585 0.09383033419023137
0 0.5978161153289948 0.16355832857278874 0.048445408532176396 0.09511568123393317
0 0.5620243582791035 0.26959945967818716 0.03759942154736085 0.08611825192802058
0 0.6925377349963847 0.1789824930972103 0.05422993492407807 0.10282776349614396
0 0.6502383857556038 0.09736295582214606 0.04483007953723792 0.09125964010282775
0 0.7026606561822125 0.07936809721032087 0.044107013738250225 0.10411311053984577
0 0.3989730206073753 0.28823699181186324 0.05567606652205352 0.12082262210796912
0 0.44524923174258857 0.354432364562506 0.049891540130151846 0.09897172236503857
0 0.3201588485177151 0.37692593782728745 0.06435285610990599 0.08226221079691516
