0 0.7203430872188901 0.4738476469128989 0.0676447115200947 0.14202894127887228
0 0.7523317021476416 0.09522444745000819 0.05990220048899755 0.11811596414317257
0 0.6665533561675454 0.1118911085881281 0.06927460388332823 0.11811593097189202
0 0.76339818329718 0.3267974031229172 0.05422993492407807 0.1362467866323908
0 0.7742441702819957 0.2085454751023517 0.055676066522053466 0.11825192802056556
0 0.7200142353579174 0.3293680972103209 0.04699927693420101 0.10796915167095118
0 0.7138681760665219 0.206617454536799 0.06218365871294284 0.11439588688946013
0 0.6187850234996385 0.213044189755308 0.052783803326102684 0.0681233933161954
0 0.540693917208966 0.14749149052651625 0.0368763557483731 0.08611825192802054
0 0.5085174891540131 0.21111616918975531 0.031814895155459176 0.07969151670951155
0 0.4893562454808387 0.2766688684185471 0.041214750542299325 0.07197943444730079
0 0.7341140184381778 0.8782112848709892 0.03904555314533624 0.051413881748072016
0 0.6947069323933479 0.9360519018375703 0.044107013738250225 0.07455012853470443
0 0.676991820318149 0.8698565290869276 0.040491684743311634 0.07069408740359896
0 0.7521906634128706 0.7445351923260021 0.04193781634128702 0.06426735218508994
0 0.5739549439624005 0.040827769446824716 0.05422993492407807 0.08350739074550129
0 0.40403448120028923 0.02861697253165762 0.042660882140274775 0.0590857969151671
0 0.637223201373825 0.031187666619061225 0.0506146059291396 0.0642271850899743
0 0.6585536424439624 0.7284683542797296 0.032537960954446866 0.06812339331619542
0 0.6231234182935649 0.7426071717604493 0.032537960954446866 0.05526992287917738
