1 0.5629274425287356 0.12150820397603487 0.1337931034482759 0.2448682598039216
1 0.4363757183908046 0.08290526279956427 0.14413793103448277 0.1676623774509804
1 0.47741020114942523 0.3860991966230936 0.1282758620689655 0.23284313725490194
0 0.49844468390804597 0.2341384123093682 0.046206896551724164 0.08578431372549018
0 0.47292744252873564 0.15386880446623094 0.046206896551724164 0.09191176470588236
0 0.4156860632183908 0.22065802015250544 0.054482758620689666 0.09313725490196079
0 0.32396192528735634 0.27212860838779956 0.1482758620689655 0.2892156862745098
1 0.20016882183908044 0.46698154956427024 0.2082758620689655 0.2794117647058824
1 0.08223778735632184 0.2745795887799564 0.16551724137931034 0.3823529411764706
0 0.3367205459770115 0.49394233387799574 0.05931034482758619 0.11029411764705883
0 0.15878951149425286 0.1250697848583878 0.08137931034482758 0.15441176470588236
