0 0.05071373456790123 0.813721380549797 0.07530864197530864 0.10233915897837857
0 0.3589441935221354 0.583092747887208 0.04403290925202548 0.06652049014442843
0 0.12023115509761388 0.8203706679044083 0.06218365871294287 0.10282776349614393
0 0.11227743130874909 0.9482827823002953 0.10122921185827911 0.1015825835475579
0 0.09275465473608098 0.693763984099781 0.06073752711496746 0.08097686375321335
0 0.1451769251626898 0.41677169618204324 0.04989154013015183 0.059125964010282805
0 0.08660859544468545 0.43797992240312295 0.06290672451193058 0.08097686375321339
0 0.1943453994938539 0.27923956250595067 0.05133767172812726 0.09254498714652955
0 0.18024561641359363 0.18669457535942113 0.04338394793926247 0.07197943444730079
0 0.1365001355748373 0.2143295367990098 0.0368763557483731 0.06041131105398455
0 0.3331740328994938 0.3242267090355137 0.032537960954446866 0.07969151670951158
0 0.49730996926970356 0.3325814648195754 0.035430224150397704 0.07326478149100256
0 0.5320171276211134 0.2818102565933543 0.03687635574837304 0.0616966580976864
0 0.49911763376717283 0.26702876559078365 0.03759942154736079 0.08097686375321339
0 0.610108233911786 0.3595737527373132 0.03976861894432394 0.08354755784061699
0 0.6079390365148228 0.31651462677330283 0.03832248734634855 0.04884318766066837
0 0.6061313720173536 0.2747408478529944 0.040491684743311634 0.060411311053984576
0 0.5768472071583514 0.22525498667047514 0.04266088214027472 0.077120822622108
0 0.28364402566883584 0.11728583499952396 0.037599421547360824 0.06169665809768639
0 0.23845241323210414 0.06844264733885556 0.03398409255242229 0.06940874035989716
0 0.6379462671728128 0.43476655479386833 0.036153289949385346 0.05655526992287916
0 0.305475031587411 0.515120336328976 0.03308063404548586 0.053921568627451
