0 0.5402199450834297 0.6488822215714185 0.09547322591145839 0.20248540242513022
0 0.5484503851996527 0.8338237308851693 0.08724274811921291 0.15716378730640077
0 0.1474215660566165 0.42446699458488474 0.07530864197530865 0.14985382347776177
0 0.4601688218390805 0.7751923338779956 0.07448275862068965 0.15073529411764702
0 0.4405136494252873 0.6287462554466231 0.06413793103448277 0.11029411764705883
0 0.314996408045977 0.8830354711328976 0.10275862068965518 0.21691176470588236
0 0.36809985632183906 0.6685746868191721 0.05172413793103446 0.11397058823529416
0 0.41258261494252874 0.5392854711328976 0.06482758620689655 0.10539215686274504
0 0.2760308908045977 0.3738442946623094 0.04689655172413794 0.10294117647058824
0 0.21913433908045976 0.4020305691721133 0.05310344827586206 0.11519607843137257
0 0.3036170977011494 0.2794815495642702 0.053793103448275835 0.11764705882352945
0 0.07016882183908045 0.20667977260348583 0.1096551724137931 0.2024356617647059
0 0.19672054597701147 0.10362370642701525 0.07034482758620687 0.13112745098039216
0 0.2239619252873563 0.29908939270152507 0.06137931034482757 0.1053921568627451
0 0.10016882183908045 0.07237370642701525 0.08137931034482758 0.08578431372549018
0 0.2577550287356322 0.2065648828976035 0.05034482758620692 0.10416666666666667
0 0.28189295977011497 0.139775667211329 0.05724137931034484 0.06372549019607844
0 0.17301495842371656 0.2451979493954108 0.09399855386840202 0.17613271208226222
0 0.2662904464931309 0.06458660620775017 0.08242950108459868 0.11311053984575835
