0 0.6392509802435119 0.768775227373157 0.12387935573139519 0.2536232326341712
0 0.6033911844143172 0.5441374909282691 0.09453950243066167 0.17246379023012912
0 0.6712395951722634 0.31442735152927964 0.14221676404435363 0.21014493859332548
0 0.11052237388654367 0.6528331431021821 0.10635696821515894 0.15362316629161007
0 0.0944261981494658 0.40790562898448507 0.11409944193870339 0.19855074675186823
1 0.4277595377007246 0.6104418387543561 0.08638959292386156 0.1253622967263927
1 0.4483381972433399 0.34522444745000824 0.1120618899468979 0.17318838368291442
1 0.3890472436981077 0.9462435023604192 0.09453957704576711 0.10566114342730973
1 0.3990309313437564 0.7416012479871176 0.08272211126126988 0.13695652173913045
0 0.33872122045639774 0.3358041686520293 0.05990220048899755 0.15434782608695655
1 0.33872122045639774 0.3358041686520293 0.05990220048899755 0.15434782608695655
