0 0.20282066239510113 0.6350795420279634 0.054604751848066936 0.10362316629161007
0 0.28737649583389047 0.5463114039717474 0.05338222065298363 0.09710142716117524
0 0.121117327129734 0.6042824295215945 0.08761204950383941 0.12753627611243207
0 0.7376617381897221 0.903920132795202 0.09739203791163659 0.13985516092051642
0 0.23358676478254572 0.5108041686520293 0.05175225367464472 0.08695652173913039
0 0.04647844360086768 0.8685711820432257 0.09399855386840203 0.15038560411311058
0 0.019363476138828627 0.7355377630200896 0.0368763557483731 0.13110539845758354
0 0.03563245661605206 0.6076457321717604 0.06218365871294288 0.14267352185089974
0 0.17048422812725955 0.5151007450252308 0.07881417208966016 0.12724935732647813
0 0.18892240600144614 0.41805704322574505 0.05206073752711496 0.09511568123393314
0 0.17952255061460592 0.3274400766447682 0.06652205350686913 0.07840616966580975
0 0.24676766992046276 0.40520357278872704 0.06362979031091831 0.09511568123393314
0 0.32268957881417215 0.6333526730457965 0.04916847433116415 0.07583547557840616
0 0.6524075831525669 0.8377228529943826 0.07809110629067248 0.11696658097686378
0 0.6007083785249456 0.9450493311434828 0.06290672451193054 0.10539845758354759
0 0.5692550162689806 0.8634297938684186 0.0506146059291396 0.1066838046272494
0 0.5450323120028923 0.8126585856421975 0.052783803326102684 0.10282776349614393
0 0.5511783712942878 0.7124015162334572 0.06941431670281997 0.1233933161953727
0 0.6289079446854663 0.7785968889840997 0.06724511930585682 0.134961439588689
0 0.8378739605929139 0.7830956036370561 0.13665943600867686 0.1233933161953727
0 0.7225449656543745 0.7213989455393697 0.08676789587852494 0.15424164524421596
0 0.6639766359363702 0.6584169403979816 0.06796818510484452 0.15424164524421596
0 0.6726534255242226 0.11792850852137483 0.04627621113521331 0.09640102827763496
0 0.7084451825741143 0.20019071931829 0.05712219812002897 0.11696658097686373
0 0.7496599331164137 0.13206732600209464 0.060014461315979754 0.09383033419023136
0 0.7973822758496023 0.08193879129772447 0.06435285610990604 0.10411311053984576
0 0.8686042570498915 0.062015912120346565 0.07519884309472158 0.10282776349614396
0 0.8291971710050614 0.565871953251452 0.0947216196673897 0.1979434447300772
0 0.9470568962400578 0.6577742668761306 0.10484454085321768 0.24293059125964014
0 0.8100359273318871 0.4225557578787013 0.08242950108459865 0.11696658097686373
0 0.9206649945770065 0.40199020517947254 0.09255242227042662 0.14524421593830328
0 0.3158204537237889 0.4662575573645625 0.05567606652205352 0.11696658097686373
0 0.3252203091106291 0.07229868846996097 0.03832248734634855 0.07969151670951158
0 0.4213880603759942 0.04273570646481958 0.02964569775849603 0.048843187660668384
0 0.3389585592913955 0.027954215462248883 0.04410701373825017 0.05526992287917738
0 0.9611566793203181 0.26702876559078365 0.0766449746926971 0.18123393316195377
0 0.827528787617735 0.9593030875544661 0.09855272226051 0.07954197303921567
0 0.6697065960257294 0.9654305385348584 0.06271536871123366 0.06728707107843135
