0 0.7062693277994792 0.8221278356065062 0.14773665063175145 0.2814327708461829
0 0.4147055543499228 0.6963968191462884 0.09382716049382717 0.19809943751284945
0 0.4227302080319251 0.4493207846003899 0.09423865801022378 0.18640350877192985
0 0.32807999599127124 0.425563485812955 0.06872426727671682 0.12865494845206274
0 0.8741705246913579 0.677390993501243 0.13950617283950612 0.23172512389065925
0 0.5842482914082242 0.8361987677015251 0.08614748449345283 0.2107843137254902
0 0.49465490753503333 0.8625468069172114 0.08890420399724329 0.22916666666666677
0 0.5735660033310361 0.6192870029956428 0.09924190213645764 0.18627450980392155
0 0.7558540805191822 0.6627919049564269 0.0902825637491386 0.14583333333333334
0 0.8113330605329657 0.8257821010348584 0.07305306685044795 0.13112745098039216
0 0.7589553899609465 0.5059291598583878 0.09235010337698135 0.17279411764705885
0 0.6624702073282793 0.5157330814270152 0.09510682288077194 0.21200980392156865
0 0.6407610412359293 0.35519386574074074 0.07512060647829083 0.13848039215686275
0 0.5659850246956123 0.4783556304466231 0.06478290833907654 0.142156862745098
0 0.32373829830002293 0.6517624931917211 0.06685044796691937 0.12867647058823534
0 0.3768051487479899 0.5678164147603486 0.058580289455547906 0.10049019607843135
0 0.34096779519871356 0.5206350422113291 0.046175051688490676 0.09681372549019614
0 0.27721865667355844 0.5733311206427014 0.08132322536181942 0.11397058823529416
0 0.3788726883758328 0.3037232775054466 0.0737422467263956 0.13357843137254902
0 0.5628837152538481 0.333135042211329 0.07236388697450036 0.13112745098039216
0 0.2868671749368252 0.30127229711328973 0.08821502412129567 0.16053921568627452
0 0.24344884275212497 0.2124242578976035 0.06891798759476223 0.10539215686274511
0 0.4691552521249713 0.5911007284858387 0.059958649207443135 0.13725490196078433
0 0.48212558749096174 0.31458660620775014 0.08170643528561096 0.11953727506426738
0 0.5005637653651482 0.43155318718461383 0.10556760665220537 0.11439588688946009
0 0.25038299891540133 0.4424786370560792 0.06652205350686916 0.14395886889460152
0 0.21712197216196671 0.49196449823859856 0.05061460592913954 0.11953727506426733
1 0.139753931670282 0.3139439326858993 0.06941431670281994 0.13367609254498714
1 0.040693917208966014 0.13720871417690184 0.05929139551699204 0.13239074550128532
0 0.10034684562545192 0.13206732600209464 0.06869125090383224 0.11696658097686373
0 0.15746904374548085 0.1738411049224031 0.052783803326102684 0.09768637532133677
0 0.09636998373101952 0.2149722103208607 0.06218365871294288 0.09254498714652955
0 0.7167604392624728 0.3621444468247167 0.09689081706435279 0.13496143958868895
0 0.6928992678958785 0.2079028015805008 0.11424439624005783 0.17352185089974292
0 0.12732203365495062 0.5163458265250545 0.10957960027567197 0.1323529411764706
1 0.04324208878934069 0.31046347358387794 0.08752584424534804 0.1495098039215686
0 0.8740484292441995 0.9660432836328975 0.11716057891109581 0.06606158088235298
0 0.9271152796921664 0.8858311206427015 0.13094417643004827 0.19485294117647053
0 0.061849945439926494 0.8919585716230937 0.08752584424534803 0.12622549019607837
0 0.1114708965081553 0.6952673951525055 0.0737422467263956 0.1691176470588235
