0 0.708933131832754 0.9452244806212888 0.06927467849843368 0.10362309994904885
0 0.6498459521404785 0.14160124798711757 0.06519964912992814 0.11086956521739132
0 0.9672868525000637 0.14413749092826905 0.06438462833320599 0.18695652173913044
0 0.7629266367370557 0.6209491072453548 0.06805218461090318 0.09420292066491169
0 0.7875802510330709 0.5169635778847909 0.06112469437652817 0.09492751411769705
0 0.8448337272016033 0.46116649854970254 0.05582724573559747 0.12536229672639265
0 0.5015166813509194 0.5926882045088567 0.06682961610826706 0.10434782608695649
0 0.8534198752711496 0.28630897124631055 0.07086044830079541 0.13496143958868895
0 0.530932528922632 0.03054499309721032 0.07230657989877075 0.06294183804627249
0 0.4521183568329718 0.5639439326858993 0.04916847433116415 0.10925449871465295
0 0.9654950741142444 0.9643496203465677 0.06796818510484452 0.06944890745501292
0 0.6802456164135937 0.5189567861563363 0.051337671728127296 0.0784061696658098
0 0.7341140184381778 0.5343809506807579 0.05639913232104116 0.09125964010282772
