0 0.4336682705929732 0.6916012479871176 0.07457212713936431 0.13695652173913045
0 0.2833015037729377 0.7745723067082454 0.06397719254995037 0.11304347826086956
0 0.3544099044488908 0.6622534550714417 0.05460475184806691 0.09710142716117524
0 0.5567326801427516 0.6303693860433337 0.057457212713936376 0.08985502823539399
0 0.20669189925687334 0.7666012811583983 0.07049713507841154 0.11594205109969433
0 0.36255986991702005 0.5292824295215944 0.06275469866241974 0.10652173913043483
0 0.4908023770788142 0.597362955822146 0.06290672451193059 0.09640102827763491
0 0.5103251536514823 0.4958205393697039 0.06869125090383227 0.09125964010282772
0 0.43476477765726684 0.5382369918118632 0.06652205350686913 0.09383033419023137
0 0.44308003434562543 0.43990794296867564 0.05856832971800436 0.06169665809768635
0 0.3769195137382502 0.43026784014091213 0.04338394793926247 0.06555269922879177
0 0.32666644070860446 0.4649722103208607 0.035430224150397704 0.06555269922879177
0 0.2915977494577007 0.6513475316576216 0.05639913232104122 0.09125964010282772
0 0.2962976771511208 0.5395223388555651 0.05567606652205352 0.09640102827763491
0 0.23230635394070862 0.6192138555650767 0.05206073752711496 0.11696658097686378
0 0.18241481381055677 0.6796251666190612 0.05061460592913954 0.08611825192802053
0 0.30135913774403467 0.12628326430543657 0.042660882140274775 0.10539845758354756
0 0.6017929772234273 0.3139439326858993 0.0477223427331887 0.05655526992287916
0 0.5754010755603759 0.4007048581357708 0.03976861894432394 0.050128534704370196
