0 0.14865613395785107 0.25999332710548684 0.06954729998553243 0.1074561738131339
0 0.25652905820679683 0.9399280265162334 0.08459869848156183 0.1182920951156813
0 0.5179173445408533 0.12692593782728745 0.03904555314533624 0.08611825192802057
0 0.48754858098336945 0.02925964605350852 0.041937816341287085 0.06037114395886889
0 0.7131451102675344 0.213044189755308 0.028922631959508276 0.05784061696658096
0 0.6874762744034707 0.2085454751023517 0.02675343456254519 0.05141388174807197
0 0.664699701735358 0.18026784014091213 0.027476500361532884 0.04884318766066837
0 0.6766302874186552 0.12949663191469105 0.02675343456254519 0.05012853470437018
0 0.6455384580621837 0.14684881700466532 0.02819956616052058 0.06683804627249358
0 0.7395370119305856 0.1603449609635342 0.03398409255242226 0.05012853470437017
0 0.7525521963123645 0.12885395839284014 0.022415039768618902 0.033419023136246784
0 0.716398906362979 0.12949663191469105 0.032537960954446866 0.06555269922879177
0 0.5735934110629067 0.17062773731314862 0.036153289949385346 0.05784061696658098
0 0.5851624638467101 0.2233269661049224 0.033261026753434564 0.07326478149100259
