0 0.4965985333478009 0.8089699408696641 0.10452669873649695 0.1937134726005688
0 0.24824461760344324 0.814817905240124 0.08600821789400073 0.1630117851391173
0 0.365528549382716 0.883896852608545 0.06296296296296297 0.14327494303385419
0 0.681372183340567 0.7048032407407407 0.08477368766878861 0.15789473684210523
0 0.5705824184504548 0.5650557136251324 0.09693891338624887 0.140095544427295
0 0.3575038768627026 0.6989553098325376 0.06337449815538196 0.13157894736842102
0 0.6519483024691356 0.44237636246411655 0.06049382716049377 0.10087719298245616
0 0.5980388500072337 0.9018061870255201 0.10329220618730706 0.18347957678008497
0 0.8097672827449846 0.5198617314269901 0.06172839506172837 0.12134505154793722
0 0.297215798460407 0.6558266771699485 0.04979425124180169 0.07894736842105267
0 0.4591499611183449 0.5951541513959798 0.08065841109664351 0.13304091336434345
0 0.7229274425287356 0.5723737064270151 0.06896551724137936 0.12745098039215685
0 0.2780998563218391 0.9530033020152505 0.08827586206896548 0.09214154411764713
0 0.15775502873563216 0.9271531181917211 0.08206896551724137 0.12377450980392153
0 0.31223778735632185 0.540510961328976 0.05586206896551727 0.1029411764705882
0 0.1256541485900217 0.8332241383414263 0.052783803326102684 0.11311053984575832
0 0.7713519070860447 0.9245038619918119 0.11207519884309475 0.14914042416452444
0 0.7619520516992047 0.7760261948966961 0.07013738250180772 0.17609254498714655
0 0.8056975325379608 0.6764117990098067 0.060737527114967445 0.1568123393316196
0 0.8823425072306579 0.7368231100637912 0.07953723788864787 0.11825192802056561
0 0.8975268890093999 0.6018616704751023 0.06796818510484452 0.13881748071979438
0 0.8505276120751989 0.4926071717604494 0.06507592190889373 0.0925449871465296
0 0.684222478308026 0.8717845496524802 0.0694143167028199 0.1516709511568123
0 0.5869701283441792 0.7226842925830715 0.06146059291395514 0.11825192802056561
0 0.5171942787418655 0.4810390483671332 0.06941431670281997 0.1259640102827764
0 0.4228341919739696 0.9746123131486242 0.099060014461316 0.048843187660668475
0 0.2135066431670282 0.6545608992668762 0.07953723788864787 0.13881748071979438
0 0.15963824114244396 0.7239696396267733 0.06724511930585682 0.07455012853470433
0 0.5920315889370933 0.3994195110920689 0.05856832971800436 0.09383033419023137
0 0.7283294920462762 0.44762002523088645 0.04193781634128702 0.0951156812339332
0 0.06274742407809111 0.7940210535085214 0.046999276934201015 0.1066838046272493
0 0.04141698300795372 0.8833526730457965 0.03326102675343456 0.10282776349614393
0 0.397165356109906 0.7361804365419404 0.060737527114967445 0.12467866323907452
0 0.659638241142444 0.367285834999524 0.06362979031091835 0.08097686375321339
0 0.9850063892717666 0.7596056304466231 0.0289455547898001 0.10906862745098037
