0 0.3073438897789642 0.7035577697262482 0.06642214301745876 0.11304347826086956
0 0.32792253066780325 0.4705867773476815 0.06764467421254204 0.11086956521739127
0 0.19630070121286358 0.8242099768105722 0.06764467421254201 0.11811596414317257
0 0.18815073574473437 0.6916012811583983 0.05704973962312806 0.11811596414317257
0 0.2825594269703543 0.9540668439969533 0.07881417208966018 0.0900144601542417
0 0.1466230567606652 0.7522472745882129 0.05567606652205351 0.10539845758354759
0 0.7424292751265366 0.9219130843568504 0.10339840925524228 0.15424164524421585
0 0.2471292028199566 0.26702876559078365 0.031091829356471447 0.08097686375321339
0 0.2135066431670282 0.28823699181186324 0.034707158351409986 0.06683804627249354
0 0.22724489334779463 0.36214444682471675 0.037599421547360824 0.060411311053984576
