0 0.6518834295171786 0.11660126457275787 0.06112469437652817 0.1463768005371094
0 0.7861540206001363 0.5176882376801373 0.05338225796053635 0.08768118153447686
0 0.854613640994295 0.4778331762734627 0.05990220048899755 0.11086956521739127
0 0.6732770725489634 0.5060940126673995 0.05582717112049202 0.0920290076214334
0 0.4903104625101875 0.5781954729998553 0.06234718826405867 0.10434782608695649
0 0.8607261477395006 0.27892011620956153 0.06642214301745876 0.12608698969301974
0 0.7641212490961677 0.6224272231743311 0.06724511930585682 0.09768637532133674
0 0.8404046908893709 0.5690853208607065 0.0723065798987708 0.09383033419023137
0 0.9795948571945047 0.13915681829001236 0.03976861894432394 0.18513014138817482
0 0.9542875542299348 0.9707763555650767 0.08026030368763556 0.056595437017994896
0 0.6961530639913233 0.9617789262591641 0.10050614605929138 0.07459029562982011
0 0.429341784164859 0.5465917475959251 0.06146059291395514 0.10282776349614393
0 0.3830655730296457 0.5960776087784443 0.049891540130151846 0.08611825192802053
