0 0.36429401915750387 0.5904026782535902 0.10082307038483797 0.1717835811146518
0 0.7350758870442708 0.8539260477582845 0.07942384319540896 0.1359649122807018
0 0.65380019199701 0.9080196261638321 0.08559668270158174 0.18128652739943113
0 0.42085847701149426 0.7316874319172114 0.11172413793103449 0.20343137254901955
0 0.23223778735632183 0.36097664760348586 0.10965517241379313 0.17524509803921567
0 0.31223778735632185 0.42286390250544664 0.04896551724137931 0.08088235294117649
0 0.6177550287356322 0.5766629221132897 0.07517241379310349 0.14583333333333334
0 0.708099856321839 0.6630599809368192 0.08620689655172407 0.12990196078431368
0 0.6932722701149425 0.48965311819172114 0.11172413793103442 0.18014705882352938
0 0.6667205459770115 0.3413688044662309 0.08758620689655175 0.14338235294117643
0 0.6236170977011495 0.7329129221132897 0.07448275862068965 0.15686274509803919
1 0.4894791666666667 0.273354098583878 0.09448275862068971 0.17647058823529416
1 0.3387895114942528 0.1091384123093682 0.08137931034482755 0.1593137254901961
0 0.8074102011494252 0.6128148828976034 0.08896551724137929 0.107843137254902
0 0.7560308908045977 0.9615817333877995 0.10344827586206892 0.07498468137254902
1 0.8253412356321839 0.20288841230936824 0.12620689655172418 0.2830882352941177
0 0.6443067528735632 0.1520305691721133 0.06896551724137936 0.14215686274509806
0 0.7192911695589299 0.19569200466533374 0.07881417208966018 0.15681233933161956
0 0.7984668745480838 0.46625755736456254 0.07809110629067248 0.15295629820051412
0 0.7579751898047723 0.3364375059506808 0.08098336948662327 0.1683804627249357
0 0.5587705621836587 0.22204161906122055 0.07158351409978306 0.1478149100257069
1 0.4593490148228489 0.051753219318290015 0.0882140274765004 0.10535829048843189
0 0.8053359996384671 0.7734555008092927 0.09327548806941431 0.19408740359897167
1 0.9300648499638468 0.693763984099781 0.13882863340563995 0.2969151670951157
0 0.6751841558206796 0.07551205607921546 0.06579898770788144 0.09125964010282775
0 0.5996237798264642 0.0613933221460535 0.0766449746926971 0.12463849614395886
0 0.43056117907190444 0.48632131672113293 0.10130944176430053 0.15808823529411767
0 0.36371073110498503 0.43791445397603485 0.0737422467263956 0.12745098039215685
0 0.509816864805881 0.7547036696623093 0.048931771192281204 0.12622549019607837
0 0.5566810963703193 0.6180615127995642 0.06822880771881461 0.17156862745098037
1 0.4078182431656329 0.1468605324074074 0.06960716747070983 0.13848039215686275
1 0.06184994543992649 0.577620336328976 0.11922811853893867 0.4044117647058823
