0 0.3513536883838408 0.48109401266739954 0.045232311146183514 0.06666664455247963
0 0.0593813764825524 0.14015199473898576 0.05460473319429058 0.08478260869565218
0 0.6040023940505298 0.13652879527609518 0.04767726161369197 0.08768118153447693
0 0.6072624026223131 0.41587662136305176 0.0387122566950642 0.04927534020465353
0 0.3193650734550893 0.36732590778246405 0.0423797756652086 0.07536236306895382
0 0.33647998788051714 0.5687751942018764 0.05052975978711416 0.07101447063943611
0 0.3855963033261027 0.5382369918118632 0.0361532899493854 0.08097686375321335
0 0.3002745390455531 0.8396508735599353 0.04627621113521331 0.10796915167095113
0 0.37185805314533626 0.39363544939541084 0.04338394793926247 0.07455012853470439
0 0.3729426518438178 0.3441495882128916 0.0368763557483731 0.06812339331619537
0 0.02767873282718727 0.1899079429686756 0.05639913232104121 0.09640102827763497
0 0.10576983911785973 0.1712704108349995 0.03759942154736081 0.07197943444730076
0 0.21422970896601587 0.09864830286584786 0.03904555314533621 0.07583547557840618
0 0.40801134309472165 0.22332696610492242 0.033261026753434564 0.0475578406169666
