0 0.19894944418710525 0.5593549154038975 0.05745721271393644 0.1
0 0.6092998799990131 0.5216737338694206 0.032192314166602995 0.07536236306895382
0 0.2800415325087071 0.8126157849691149 0.04930726589958357 0.0804347826086956
0 0.41370085799412315 0.4042824295215945 0.03463730194166412 0.0492754065472147
0 0.1763332886140135 0.9013838566827699 0.06764467421254201 0.08260869565217396
0 0.0932037229157116 0.7039200996239213 0.06112469437652812 0.094927514117697
0 0.16166336196364672 0.7546447262479873 0.06519968643748089 0.10652173913043483
0 0.0606038610431948 0.8423259409537447 0.04645476772616138 0.10217397938603937
0 0.2761702956469349 0.6688003894522975 0.04645476772616138 0.06671703505332172
0 0.3293487797545144 0.8209491404166355 0.041157319085230765 0.09275366741677987
0 0.18101952761873155 0.655007089316941 0.06642218032501149 0.07826086956521737
0 0.2321605156958346 0.880007089316941 0.04156479217603912 0.08333342179008149
0 0.33028176970354306 0.7348950894982386 0.042660882140274775 0.06812339331619542
0 0.28979008496023145 0.7406791511948967 0.042660882140274775 0.0668380462724936
0 0.23917547903109182 0.7387511306293439 0.0441070137382502 0.044987146529563
0 0.23700628163412868 0.7785968889840997 0.03543022415039768 0.050128534704370196
0 0.2843670914678236 0.6134297938684184 0.0361532899493854 0.06940874035989714
0 0.25942132140274765 0.5607305650766448 0.03976861894432394 0.07969151670951162
0 0.23411401843817783 0.5041752951537656 0.038322487346348515 0.05655526992287921
0 0.20591445227765726 0.4746123131486242 0.038322487346348515 0.0616966580976864
0 0.174461090021692 0.508674009806722 0.034707158351409986 0.050128534704370196
0 0.13758473427331885 0.5658719532514519 0.028922631959508303 0.06940874035989714
0 0.1036006417208966 0.5980056293439969 0.03181489515545914 0.051413881748072016
0 0.03960931851048445 0.6899079429686756 0.046999276934201015 0.08354755784061699
0 0.019725009038322486 0.7882369918118634 0.03470715835140997 0.0951156812339332
0 0.19832226138828635 0.8055891769018375 0.05206073752711496 0.08611825192802053
0 0.2315832881417209 0.6886225959249738 0.04193781634128705 0.0784061696658098
0 0.23592168293564714 0.6237125702180328 0.040491684743311634 0.06940874035989714
0 0.0793779374548084 0.636566040655051 0.03253796095444686 0.04627249357326483
0 0.444164633044107 0.3788539583928401 0.031814895155459176 0.04241645244215941
0 0.39210389551699204 0.4354092283157193 0.027476500361532884 0.060411311053984576
0 0.12493108279103397 0.8563603851280586 0.0455531453362256 0.08483290488431872
