0 0.6689983439426065 0.6434128643042033 0.07171959165838934 0.11594198475713322
0 0.5866837430796977 0.6647896980125932 0.06682969072337255 0.10217391304347824
0 0.7602778751090377 0.3039200996239213 0.0594947273981892 0.09927534020465353
0 0.7435704710819708 0.6564563425650729 0.05867970660146694 0.1043478260869566
0 0.8260888084902838 0.3948621507236156 0.05582717112049202 0.09275360107421875
0 0.054695146804722525 0.7676882376801373 0.09576203362574495 0.1094203119692595
0 0.7123968769499415 0.8966737338694206 0.0387122566950642 0.08333328910495925
0 0.641923129067245 0.7361804365419405 0.052783803326102684 0.07583547557840616
0 0.7077221167751266 0.7972344211177759 0.03398409255242226 0.06426735218508994
0 0.6661458333333333 0.8133012591640484 0.0506146059291396 0.08354755784061699
0 0.6845840112075199 0.7406791511948966 0.041214750542299325 0.0616966580976864
0 0.844743085683297 0.5009619275445111 0.04483007953723792 0.08097686375321335
0 0.8606505332610267 0.3351521589069789 0.06507592190889373 0.10154241645244216
0 0.6827763467100505 0.5408076858992666 0.04483007953723792 0.08097686375321335
