0 0.25477665261515003 0.6470360305958133 0.07864708189276437 0.10434782608695649
0 0.40921839284236206 0.8763838566827699 0.04930730320713632 0.0804347826086956
0 0.43631699491343856 0.5249346034346379 0.05052972247956144 0.06884062393851899
0 0.3240513124598074 0.47783314310218217 0.05175225367464472 0.07318838368291442
0 0.8179388243683782 0.4271085164781162 0.04523227383863085 0.061594158670176626
0 0.22686304840112761 0.5383404115931808 0.08638955561630883 0.12318838368291436
0 0.10053868624089499 0.5416012479871176 0.07579462102689488 0.11086956521739132
0 0.04736018347953916 0.30392011620956155 0.08109210697537822 0.136956554910411
0 0.02637403219233904 0.5934128643042033 0.05378973105134475 0.1347826086956522
0 0.08505373879380604 0.094499804240302 0.058679706601467006 0.08768114836319635
0 0.03346325921908894 0.9225557578787014 0.06796818510484455 0.152956298200514
0 0.201576057483731 0.41869971674759593 0.0845986984815618 0.12467866323907452
0 0.15566137924801157 0.5240981743311434 0.05929139551699206 0.09640102827763491
0 0.1216772866955893 0.4476200252308863 0.06796818510484455 0.09511568123393314
0 0.7543598608098336 0.15456089926687597 0.03904555314533624 0.07455012853470437
0 0.46296434381778734 0.28116758307150336 0.05061460592913954 0.08097686375321335
0 0.6730149584237165 0.05687452394553937 0.02964569775849597 0.06426735218508997
0 0.7044683206796819 0.06073056507664477 0.028922631959508276 0.08226221079691516
0 0.16108437274041934 0.11921385556507663 0.04844540853217642 0.09640102827763496
0 0.13071560918293565 0.16612902266019233 0.03976861894432394 0.07712082262210798
0 0.024424936731742588 0.4797537013234315 0.044107013738250184 0.0976863753213368
0 0.06347048987707882 0.4521187398838427 0.046999276934201015 0.109254498714653
