0 0.6848701382860725 0.6894523970100149 0.05637855058834873 0.15497073792574703
0 0.488633179681851 0.4778256807578787 0.04844540853217646 0.11439588688946013
0 0.45645675162689797 0.4289824930972103 0.05784526391901661 0.09125964010282772
0 0.5500937725958063 0.4958205393697039 0.04989154013015178 0.09125964010282772
0 0.5938392534345625 0.5003192540226602 0.04916847433116409 0.08483290488431876
0 0.8190742498192335 0.7599593568504237 0.07736804049168479 0.13881748071979438
0 0.8924654284164859 0.7188282514519662 0.06507592190889373 0.11568123393316196
0 0.844743085683297 0.6462061434828145 0.05929139551699206 0.09640102827763491
0 0.8454661514822848 0.5433783799866705 0.07519884309472158 0.134961439588689
0 0.7691827096890816 0.48810845710749307 0.06869125090383221 0.12982005141388175
0 0.7764133676789589 0.6571315933542798 0.052783803326102684 0.10539845758354759
0 0.7800286966738973 0.29145035942111774 0.08170643528561096 0.12982005141388175
0 0.7268833604483008 0.15648891983242882 0.0694143167028199 0.14524421593830333
0 0.9387416395516992 0.6352806936113491 0.09255242227042662 0.16452442159383032
0 0.9271725867678959 0.48489508949823856 0.0983369486623283 0.13881748071979438
0 0.8281125723065799 0.38463802008949827 0.08532176428054955 0.13881748071979433
0 0.7218218998553868 0.3100878915547939 0.05784526391901667 0.13110539845758354
0 0.6704842281272595 0.2104734956679044 0.06218365871294284 0.13753213367609254
0 0.9297033170643528 0.3435069146910406 0.10195227765726678 0.13367609254498714
0 0.6285464117859725 0.06265858564219748 0.08098336948662327 0.10154241645244216
1 0.5551552331887202 0.07936809721032086 0.04844540853217646 0.12724935732647816
