0 0.21097062786323034 0.5383404115931808 0.08638955561630883 0.1420290076214334
0 0.2800286966738973 0.7741182578787013 0.08676789587852494 0.15942320051413894
0 0.352696809472162 0.8717845496524802 0.0730296456977585 0.09768637532133674
0 0.4705565347071583 0.8698565290869276 0.06579898770788144 0.1066838046272494
0 0.5515399041937816 0.9411932900123774 0.051337671728127296 0.11053984575835467
0 0.47272573210412144 0.9399079429686755 0.060014461315979754 0.07197943444730068
0 0.0989007140274765 0.936694575359421 0.06146059291395517 0.06298200514138812
0 0.16614583333333333 0.8492909763876987 0.0441070137382502 0.09640102827763491
0 0.18422247830802602 0.7239696396267732 0.04121475054229936 0.0616966580976864
0 0.24279080802603037 0.8968488170046652 0.08026030368763556 0.10925449871465295
