0 0.6865207687663955 0.12131140397174733 0.05297471025462255 0.13260869565217392
0 0.9216470682630719 0.16877517761623614 0.05297471025462255 0.12318841685419497
0 0.7649641141137558 0.19123893467508465 0.05582717112049202 0.12028984401537028
0 0.7423479771944402 0.870586810518962 0.09046454767726159 0.1543478924295176
0 0.8229274425287356 0.09320703976034858 0.05517241379310344 0.10294117647058824
0 0.8398239942528736 0.18879527505446625 0.07931034482758624 0.11029411764705883
0 0.8625826149425287 0.32666292211328973 0.035172413793103395 0.0894607843137255
0 0.8298239942528736 0.29112370642701524 0.05517241379310344 0.06985294117647059
0 0.8422377873563218 0.7849962554466231 0.0758620689655172 0.1115196078431373
0 0.048286108098336944 0.8724272231743311 0.08893709327548807 0.11696658097686378
0 0.09203158893709328 0.9572802116062077 0.06652205350686913 0.08358772493573267
0 0.02550953543022415 0.9463748452823003 0.052060737527114966 0.10539845758354759
0 0.8787271782357194 0.058179954536799014 0.0694143167028199 0.11821176092544987
0 0.7247141630513377 0.9752549866704752 0.10556760665220537 0.047557840616966544
