0 0.22156558110642066 0.8919636110560715 0.1075794621026895 0.18260869565217386
0 0.10787363091230201 0.7745723067082454 0.10920946638858117 0.16086956521739132
0 0.7849315267126058 0.7166012811583983 0.09331700854313117 0.16811596414317256
0 0.8468712045783033 0.46587665453433225 0.0916870415647922 0.1391304347826087
0 0.654532153837644 0.15935488223261687 0.05582724573559747 0.12318838368291442
0 0.7615004063041209 0.16297806510986726 0.07334963325183376 0.15362319946289066
0 0.9344832540821426 0.3191375075139094 0.11043192296855898 0.15869568534519363
0 0.09673151663051337 0.6320673260020947 0.13376717281272596 0.1786632390745502
0 0.09636998373101953 0.9328586177758735 0.14172089660159073 0.13243091259640105
0 0.9676642715112075 0.6455634699609635 0.06362979031091835 0.2133676092544987
0 0.894634625813449 0.765100745025231 0.09110629067245123 0.14652956298200512
0 0.9372955079537238 0.0941696717604494 0.11858279103398411 0.19019119537275064
0 0.8342586315979754 0.2034040869275445 0.07158351409978311 0.12339331619537275
0 0.8418508224873463 0.07486938255736457 0.05929139551699206 0.11311053984575836
0 0.7937669468546638 0.03247301366276302 0.07736804049168479 0.0667978791773779
0 0.6017929772234273 0.2355377630200895 0.036153289949385346 0.08740359897172235
0 0.5500937725958063 0.29209303294296873 0.044107013738250225 0.06940874035989719
0 0.4958638376717282 0.3435069146910406 0.035430224150397704 0.09768637532133674
0 0.5222557393347794 0.2567459892411692 0.039045553145336184 0.08611825192802053
0 0.5580474963846709 0.19569200466533374 0.044107013738250225 0.08997429305912595
0 0.5978161153289949 0.15970228744168333 0.03976861894432394 0.06940874035989719
