0 0.2759665404477543 0.6434128643042033 0.06805214730335042 0.09710149350373645
0 0.45826441612436736 0.9476401087784443 0.07158351409978306 0.10286793059125972
0 0.39824995480838754 0.17319843140055222 0.06146059291395514 0.14524421593830333
0 0.4633258767172813 0.11342979386841855 0.057122198120028916 0.11053984575835475
0 0.3385970263919017 0.10828840569361135 0.05495300072306583 0.10025706940874037
0 0.3924654284164859 0.03697172831571932 0.052783803326102684 0.0757953084832905
0 0.5779318058568329 0.2297537013234314 0.04916847433116409 0.07583547557840616
0 0.7080836496746203 0.12949663191469105 0.04193781634128702 0.08868894601542417
0 0.7601443872017354 0.14492079643911265 0.04338394793926253 0.060411311053984576
0 0.7565290582067967 0.09993364990954964 0.04193781634128702 0.06041131105398456
0 0.7424292751265366 0.04145035942111778 0.051337671728127296 0.06940874035989718
0 0.8114820589298625 0.13528069361134912 0.04338394793926241 0.06683804627249357
0 0.852335276572668 0.09414958821289154 0.03976861894432394 0.07197943444730076
0 0.51104821945047 0.03373827715890698 0.05567606652205352 0.05912596401028278
0 0.449226093637021 0.018334196182043225 0.052060737527114986 0.038520244215938304
0 0.11589276030368764 0.2908076858992669 0.04049168474331165 0.04113110539845758
