0 0.49357047108197083 0.44812302028883294 0.0664222176325642 0.11811596414317257
1 0.40636589466893974 0.2289201162095615 0.06805218461090311 0.13478264186693276
1 0.33403501875923236 0.22203604718145353 0.05867970660146699 0.1297101559846298
1 0.23419801172631102 0.4763838566827698 0.07742462531278654 0.07608695652173912
1 0.6033911844143172 0.17964472624798714 0.06764463690498926 0.13043478260869568
1 0.5068141672994028 0.19015199473898578 0.07986957578029497 0.12826086956521737
0 0.5925924759719463 0.05645632597943243 0.07049709777085884 0.10144928641941238
0 0.4503106923355026 0.5427357064648196 0.08170643528561101 0.12082262210796915
0 0.39752688900939986 0.49196449823859856 0.06435285610990599 0.10154241645244216
0 0.3682427241503977 0.6597022874416832 0.10701373825018076 0.1850899742930591
0 0.3187127169197397 0.6121444468247167 0.05422993492407807 0.10025706940874039
0 0.25689059110629064 0.8827099995239455 0.076644974692697 0.16838046272493581
0 0.8432969540853218 0.7856662977244597 0.07953723788864787 0.089974293059126
0 0.7793056308749096 0.7156148838427117 0.04989154013015178 0.11696658097686378
0 0.7503829989154014 0.700833392840141 0.044107013738250225 0.12853470437018
0 0.9669412057122198 0.4893938041511949 0.06507592190889373 0.1658097686375321
0 0.9832101861894431 0.308802544511092 0.032537960954446866 0.14395886889460152
0 0.990802377078814 0.16677169618204324 0.017353579175705035 0.07326478149100259
1 0.6513229844540853 0.08322413834142625 0.041214750542299325 0.08354755784061696
0 0.47561799530007226 0.3364375059506808 0.049891540130151846 0.09125964010282778
