0 0.5447114778128502 0.8151519947389859 0.08638959292386161 0.17536236306895384
0 0.8886397332997465 0.6387027083195735 0.10105951957422832 0.1253622967263927
0 0.6791857681336595 0.5416012811583981 0.04400977995110023 0.06884055759595788
0 0.5593813671556642 0.6789200996239213 0.0733496332518337 0.09710142716117524
0 0.45363564588427063 0.6053693860433336 0.0721271393643032 0.09202894127887233
0 0.4344832540821428 0.7734853170152256 0.04930722859203088 0.07318838368291447
0 0.37702606002198263 0.8444998208259424 0.059902237796550274 0.09202894127887233
0 0.303880163315553 0.9060940458386801 0.06519968643748092 0.12536223038383149
0 0.2335867461287694 0.9405143578079396 0.0623471882640587 0.09420285432235047
0 0.2641490933170334 0.7405143246366591 0.06234718826405867 0.12028987718665081
0 0.33179376752957546 0.6836302556085511 0.04930722859203088 0.06884062393851899
0 0.3698948145884271 0.5912389512607249 0.06356968215158923 0.07826086956521737
