0 0.7376617381897221 0.727470813204509 0.06805218461090318 0.10869565217391308
0 0.6119486416270311 0.6470360305958133 0.05052972247956144 0.10434782608695649
0 0.16084837847447725 0.3560940458386801 0.07986961308784765 0.1326086956521739
0 0.3978084374562258 0.7144273349436394 0.06397715524239764 0.1391304347826087
0 0.3299600266982797 0.3050070727313006 0.061124694376528114 0.1391304679538893
0 0.7476454258353709 0.5263838898540504 0.05623471882640582 0.11376813805621604
0 0.24744168928996668 0.2767462031660833 0.08272211126126991 0.13478264186693276
0 0.9183870969988411 0.6350795420279635 0.06519972374503358 0.1094203119692595
0 0.1437334640490494 0.11080415206638898 0.07742462531278653 0.11159419184145723
0 0.07058756734261983 0.2209491072453547 0.09576203362574497 0.14202900762143347
0 0.6645158414832925 0.6716737338694206 0.04400977995110023 0.09710149350373645
0 0.8246625780573491 0.6492099768105721 0.07986957578029497 0.14637683370838994
