0 0.7370505285535096 0.9060940458386803 0.0929095354523227 0.14420298700747292
0 0.7908402596048544 0.6647896980125931 0.07334963325183376 0.11086956521739132
0 0.6198948145884271 0.794862183894896 0.07701711491442549 0.1492754065472147
0 0.8914922314731688 0.6444998208259424 0.09046454767726159 0.15144931959069294
0 0.9432722701149425 0.5019080201525055 0.1082758620689655 0.1409313725490196
0 0.9660308908045977 0.3291139025054466 0.06689655172413798 0.1360294117647059
0 0.7018929597701149 0.7267854711328975 0.07103448275862073 0.14460784313725486
0 0.6536170977011494 0.6955354711328977 0.04896551724137931 0.11397058823529416
0 0.6929274425287355 0.6097511574074075 0.057241379310344814 0.10171568627450983
0 0.6967205459770115 0.5411237064270152 0.06344827586206894 0.07475490196078433
0 0.6618929597701149 0.9523905569172114 0.0862068965517242 0.0933670343137255
0 0.8242989109973774 0.8190853208607063 0.13120131078723485 0.17737789203084825
0 0.9380185737527115 0.7933783799866705 0.09255242227042662 0.12082262210796915
0 0.565639687274042 0.17448377844425403 0.04483007953723792 0.07840616966580978
0 0.8902441563289686 0.93295504833878 0.12611991729841493 0.1273360906862744
