0 0.22217680939640957 0.8810940458386802 0.11206192725445062 0.1942029870074729
0 0.10848487785606725 0.759354882232617 0.10228197615420614 0.15362316629161007
0 0.09177746450211231 0.6104418387543561 0.11206194590822702 0.1398550945779552
0 0.09646369417994219 0.9260215599563771 0.11572944622459505 0.14202894127887222
0 0.69630071986664 0.12638387326841005 0.06519964912992814 0.1137681048849355
0 0.8945484661919952 0.5274708463757894 0.09983695107159225 0.14927534020465358
0 0.7988284074475778 0.7888796653337142 0.09182935647143893 0.16066838046272497
0 0.909457474692697 0.2316817218889841 0.08026030368763556 0.15938303341902313
0 0.8158204537237888 0.16677169618204324 0.08098336948662327 0.12210796915167098
0 0.9228341919739695 0.07615472960106637 0.08387563268257417 0.11568123393316196
0 0.9727257321041215 0.41034496096353423 0.05350686912509038 0.1722365038560411
0 0.6383078000723065 0.19312131057793014 0.04699927693420101 0.07712082262210798
0 0.5804625361532899 0.24710588641340572 0.03832248734634855 0.08483290488431876
0 0.5226172722342732 0.29659174759592494 0.0368763557483731 0.08354755784061695
0 0.5497322396963122 0.213044189755308 0.0477223427331887 0.06555269922879177
0 0.5978161153289949 0.14427812291726172 0.04266088214027472 0.08740359897172235
0 0.6401154645697759 0.10314701751880415 0.03904555314533624 0.07455012853470437
0 0.5482861080983369 0.14299277587355994 0.0361532899493854 0.07969151670951158
0 0.8758349150397686 0.03697172831571932 0.0766449746926971 0.0757953084832905
0 0.36751965835140993 0.3319387912977244 0.05929139551699206 0.10025706940874034
0 0.40728827729573386 0.3878513876987527 0.06507592190889368 0.08097686375321335
