1 0.9073846520110662 0.4810940458386801 0.1841890293112011 0.32173913043478264
1 0.7488679570304542 0.28109401266739953 0.13284436065002297 0.21014490542204486
0 0.6040024313580825 0.3970360637670938 0.08272211126126988 0.15797099237856657
0 0.5161866080012862 0.3155142914653784 0.08801955990220052 0.1847826086956522
1 0.34878951149425286 0.210854098583878 0.12206896551724136 0.20098039215686278
1 0.42982399425287354 0.051655262799564276 0.15034482758620685 0.1051623774509804
0 0.6060308908045977 0.28009429466230934 0.07517241379310349 0.10661764705882351
1 0.6618074385394072 0.16741436970389414 0.06218365871294284 0.16966580976863754
0 0.9090959417932032 0.17191308435685043 0.14316702819956623 0.21979434447300772
1 0.9532029555314533 0.7792395625059507 0.08966015907447585 0.13110539845758354
1 0.6379462671728127 0.8332241383414263 0.09689081706435279 0.1799485861182519
1 0.7547213937093276 0.8833526730457965 0.10918293564714385 0.1285347043701799
0 0.7084451825741143 0.4482626987527373 0.099060014461316 0.1735218508997429
0 0.5164712129428778 0.08193879129772445 0.06218365871294284 0.12467866323907455
