0 0.1510684273742328 0.8444998208259424 0.12876936858907018 0.19202894127887235
0 0.8474824515220687 0.23471719554464987 0.0399347505825947 0.0898550614066746
0 0.5291343390804597 0.9677091843681918 0.08551724137931037 0.06272977941176468
0 0.018789511494252877 0.8879374319172113 0.038620689655172416 0.21691176470588236
0 0.9094791666666665 0.5294815495642702 0.0379310344827586 0.07843137254901965
0 0.8863757183908045 0.29725115740740743 0.03448275862068968 0.0625
0 0.9236170977011494 0.33769233387799563 0.03999999999999997 0.06985294117647059
0 0.9423569685466376 0.16805704322574502 0.052060737527114986 0.11182519280205656
0 0.9459722975415763 0.07422670903551366 0.052060737527114986 0.08611825192802056
0 0.9756179953000722 0.13270999952394555 0.03904555314533624 0.07969151670951158
0 0.973810330802603 0.225897660192326 0.041214750542299325 0.07326478149100259
0 0.9795948571945047 0.28373827715890704 0.03976861894432394 0.07326478149100256
0 0.9694719360086768 0.3570030586499095 0.05856832971800436 0.07069408740359896
0 0.9495876265365147 0.4225557578787013 0.05784526391901667 0.08097686375321335
0 0.9503106923355025 0.51445807150338 0.04627621113521331 0.0925449871465296
0 0.9362109092552422 0.6956920046653335 0.05422993492407807 0.0616966580976864
0 0.939103172451193 0.6243552437398838 0.04555314533622561 0.07069408740359896
0 0.9687488702096891 0.7888796653337141 0.0498915401301519 0.09897172236503857
0 0.9832101861894431 0.7226842925830715 0.03109182935647148 0.08226221079691516
