0 0.5493976795100155 0.8220360305958132 0.09331700854313112 0.18043478260869572
0 0.909218392842362 0.6361664985497026 0.12102689486552573 0.1637681380562161
0 0.6918182174073261 0.535441838754356 0.04808473470450032 0.07101447063943611
0 0.5907587351406505 0.576021559956377 0.05867970660146694 0.07536236306895382
0 0.5726250633730963 0.676746186580443 0.07864708189276434 0.09710142716117524
0 0.3978084374562258 0.7097172121302903 0.06642214301745876 0.09202894127887233
0 0.4630081238937067 0.6089925855062244 0.05582717112049208 0.094927514117697
0 0.378452271801141 0.8455867773476815 0.04400977995110023 0.0855072021484375
0 0.239495479021018 0.9307317491122875 0.06682969072337258 0.11376807171365497
0 0.3087701202118989 0.8952244806212888 0.061124694376528114 0.11376820439877709
0 0.3299600266982797 0.7723983604934865 0.04237981297276132 0.08550726849099861
0 0.37804479871033264 0.584354882232617 0.05786476041985023 0.07318838368291436
0 0.2661866080012862 0.7300070561456605 0.07457212713936429 0.11811596414317257
0 0.28737649583389047 0.5666012811583983 0.06642218032501145 0.08985509457795521
