0 0.21300810523993036 0.5948621507236155 0.05052975978711416 0.08550726849099861
0 0.2621116159403334 0.38181867246274603 0.03708228971672523 0.06666664455247963
0 0.3798785208878521 0.657543299086812 0.041157281777678044 0.08768111519191575
0 0.40432841729223973 0.549934603434638 0.037082364331830674 0.0855072021484375
0 0.09381495120570052 0.7995723067082454 0.0680521473033504 0.08768124787703808
0 0.45709939100145813 0.5698621507236156 0.03585979582919467 0.06884055759595788
0 0.42449956643649406 0.6647896648413126 0.03178484107579464 0.07318838368291447
0 0.5121116159403334 0.6658766213630517 0.039934825197700204 0.08985509457795521
0 0.49275548759280136 0.5441375240995497 0.041157319085230765 0.08260869565217396
0 0.46891685678595535 0.8647896980125933 0.03830478360425579 0.0847826086956522
0 0.46830560984219005 0.7158766213630517 0.032192314166602995 0.08985509457795521
0 0.37906353739868265 0.4883404115931808 0.03463733924921684 0.07536229672639265
0 0.31732759607838923 0.8068186392914655 0.03341484536168628 0.054347826086956486
0 0.5129274425287356 0.8076678240740741 0.033793103448275845 0.0759803921568627
0 0.48223778735632183 0.9670964392701524 0.04413793103448279 0.06395526960784316
0 0.5018929597701149 0.8873246868191721 0.03517241379310345 0.06862745098039216
0 0.5577550287356322 0.6796040985838779 0.042068965517241354 0.09191176470588235
0 0.4770653735632184 0.801540373093682 0.03517241379310345 0.058823529411764684
0 0.4794791666666666 0.6250697848583878 0.04137931034482758 0.06862745098039216
0 0.5508584770114944 0.7580354711328975 0.033793103448275845 0.06985294117647053
0 0.5756860632183909 0.6152658632897604 0.0324137931034483 0.06372549019607848
0 0.6001688218390804 0.5993344907407407 0.03172413793103447 0.06372549019607848
0 0.5839619252873564 0.5533786083877996 0.025517241379310343 0.05759803921568631
0 0.521548132183908 0.5809521377995642 0.04137931034482758 0.07843137254901965
0 0.49188697577729573 0.4643295367990098 0.041937816341287085 0.06683804627249354
0 0.5544321673897324 0.5067459892411692 0.04844540853217646 0.05655526992287921
0 0.5226172722342733 0.5163860920689327 0.028199566160520637 0.05269922879177374
0 0.5316555947216197 0.4604734956679044 0.030368763557483722 0.04627249357326483
0 0.5244249367317426 0.9219130843568504 0.031814895155459114 0.07969151670951152
0 0.5417785159074476 0.8884940612206037 0.04049168474331169 0.07455012853470433
0 0.5576859634851772 0.8261547296010664 0.04483007953723792 0.060411311053984576
0 0.5844393980477224 0.7503192540226601 0.036153289949385346 0.07069408740359896
0 0.6140850958062183 0.7162575573645624 0.04193781634128702 0.06426735218508994
0 0.5942007863340564 0.6693423902694468 0.03398409255242226 0.060411311053984576
0 0.6433692606652205 0.6989053722745883 0.02819956616052058 0.07326478149100261
0 0.6571075108459871 0.6764117990098066 0.02675343456254519 0.04884318766066837
0 0.6296310104844541 0.6333526730457965 0.03543022415039765 0.06555269922879177
0 0.6589151753434563 0.6301393054365421 0.030368763557483785 0.0616966580976864
0 0.6310771420824295 0.5697279943825574 0.03109182935647148 0.053984575835475564
0 0.605046773318872 0.513815397981529 0.03109182935647148 0.0784061696658098
0 0.37836564533622563 0.4238411049224031 0.020245842371655817 0.0475578406169666
0 0.3519737436731742 0.3660004879558222 0.02819956616052058 0.05784061696658098
0 0.2283294920462762 0.2246123131486242 0.0368763557483731 0.04755784061696657
0 0.37185805314533626 0.24389251880415122 0.023138105567606655 0.044987146529563
0 0.38378863882863345 0.13078197895839283 0.02241503976861896 0.029562982005141403
0 0.4025883496023139 0.10121899695325146 0.02241503976861896 0.03470437017994858
0 0.34908148047722337 0.061373238598495666 0.02964569775849603 0.05526992287917738
0 0.41885733007953724 0.1892652694468247 0.026030368763557493 0.05141388174807197
0 0.47597952819956607 0.31137323859849564 0.023138105567606655 0.05141388174807197
0 0.4922485086767896 0.38528069361134915 0.0253073029645698 0.050128534704370196
0 0.5020098969631237 0.7490339069789583 0.026030368763557493 0.044987146529563
0 0.560578226681128 0.5690853208607065 0.021691973969631205 0.050128534704370196
0 0.4673027386117136 0.23939380415119488 0.03470715835140995 0.05655526992287918
0 0.45898748192335503 0.17898249309721034 0.02819956616052058 0.05655526992287918
0 0.49441770607375274 0.251604601066362 0.0253073029645698 0.06298200514138814
0 0.5410554501084598 0.30815987098924114 0.021691973969631264 0.03213367609254497
0 0.5793779374548085 0.3724272231743311 0.017353579175705035 0.03984575835475576
0 0.4344032447577729 0.11664316147767305 0.02675343456254519 0.044987146529562975
0 0.42644952096890815 0.025383521374845282 0.02675343456254519 0.037275064267352186
0 0.4915254428778018 0.18540922831571932 0.02819956616052058 0.046272493573264774
0 0.4611566793203181 0.12885395839284014 0.02096890817064351 0.033419023136246784
0 0.6213157537960954 0.3563603851280587 0.01590744757772953 0.04370179948586118
0 0.5106866865509762 0.31458660620775014 0.020245842371655817 0.037275064267352165
0 0.5139404826464208 0.21690023088641341 0.02386117136659435 0.03984575835475581
0 0.5287633315256688 0.27795421546224885 0.026030368763557434 0.04113110539845758
0 0.7529137292118583 0.5677999738170045 0.024584237165582105 0.044987146529563
0 0.6947069323933479 0.1847665547938684 0.022415039768618902 0.03213367609254497
0 0.6986837942877802 0.15263287870132342 0.014461315979754138 0.024421593830334185
0 0.7380908803326103 0.2239696396267733 0.018076644974692732 0.04113110539845756
0 0.7272448933477946 0.206617454536799 0.018076644974692732 0.03984575835475579
0 0.6722918926247289 0.09093622060363706 0.02819956616052058 0.05012853470437018
0 0.8219665130151843 0.6179285085213748 0.032537960954446866 0.05526992287917738
0 0.7738826373825017 0.6410647553080072 0.030368763557483785 0.06298200514138812
0 0.8678811912509038 0.7445351923260022 0.03759942154736085 0.07197943444730079
0 0.832450967100506 0.8088025445110921 0.036153289949385346 0.0616966580976864
0 0.820520381417209 0.7509619275445112 0.041214750542299325 0.0616966580976864
0 0.8378739605929139 0.7034040869275444 0.02964569775849597 0.051413881748072016
0 0.8075051970354302 0.6719130843568505 0.03398409255242226 0.07326478149100261
