0 0.7243763111255787 0.6072155214424951 0.09012345679012342 0.12938596491228066
0 0.7214956401306905 0.825782784058569 0.10082307038483797 0.1790935449432908
0 0.5698495747130593 0.5798032742029974 0.06584359628182869 0.11257312172337587
0 0.6013310185185186 0.7442769584135238 0.1049382716049383 0.17397663049530565
0 0.5167631172839505 0.7468354156375163 0.06172839506172837 0.12646196599592235
0 0.3751118492407809 0.6339953465676473 0.04410701373825017 0.05655526992287921
0 0.36101206616052056 0.6744837784442541 0.03470715835140995 0.03984575835475581
0 0.3516122107736804 0.7021187398838428 0.027476500361532884 0.05655526992287921
0 0.3320894342010123 0.7329670689326859 0.031814895155459176 0.04884318766066837
0 0.3273895065075922 0.7850236242026087 0.02819956616052058 0.06812339331619542
0 0.3075051970354303 0.840293547081786 0.018799710773680426 0.08611825192802053
0 0.3613735990600144 0.937337248881272 0.041214750542299325 0.08483290488431881
0 0.3794502440347072 0.8184426473388555 0.02964569775849603 0.07583547557840616
0 0.417049665582068 0.6924786370560793 0.0368763557483731 0.060411311053984576
0 0.40475754699927696 0.7175429044082643 0.02964569775849603 0.053984575835475564
0 0.394634625813449 0.7496765805008093 0.035430224150397704 0.051413881748072016
0 0.38053484273318877 0.770242133200038 0.04483007953723792 0.053984575835475564
0 0.6426461948662329 0.9527814969532516 0.12942877801879965 0.09258515424164523
0 0.48140252169197395 0.9135583285727886 0.07592190889370934 0.08354755784061689
0 0.48176405459146776 0.8447922617347424 0.06362979031091828 0.0616966580976864
0 0.09781611532899494 0.19119329001237742 0.0650759219088937 0.08354755784061696
0 0.9712796005061459 0.892350102351709 0.05639913232104116 0.19794344473007713
0 0.8468258241442683 0.9648177934368192 0.14128187456926256 0.06851256127450983
