0 0.6040024313580825 0.33906503821724665 0.058272233510658585 0.0855072021484375
0 0.5188353323217515 0.410441838754356 0.06886713079251981 0.094927514117697
0 0.1875394888009691 0.5531954729998554 0.0721271393643032 0.10652173913043483
0 0.1410847210748077 0.7749346034346379 0.0745721271393643 0.11811589780061146
0 0.16757209485589536 0.4455867773476815 0.08516706172877828 0.10434782608695654
0 0.6115543655097613 0.4154863491383414 0.04699927693420101 0.07969151670951158
0 0.6383078000723066 0.277311541940398 0.03832248734634855 0.06812339331619537
0 0.7482138015184381 0.12371257021803296 0.06579898770788144 0.10025706940874037
0 0.46947193600867676 0.4296251666190612 0.0477223427331887 0.0951156812339332
0 0.411988204989154 0.4321958607064648 0.058568329718004304 0.10025706940874039
0 0.36896578994938534 0.40327555222317435 0.041937816341287085 0.07840616966580975
0 0.4427185014461316 0.36664316147767306 0.03470715835140995 0.06940874035989719
0 0.4662181399132321 0.3004477887270303 0.035430224150397704 0.08354755784061695
0 0.4221111261749819 0.2509619275445111 0.04555314533622561 0.07712082262210795
0 0.38017330983369485 0.3190853208607065 0.05422993492407807 0.07969151670951158
0 0.3414892895878525 0.29337837998667043 0.04483007953723792 0.06683804627249354
0 0.1910711721801057 0.34416445397603485 0.03997243280496209 0.06495098039215684
0 0.22139508672180105 0.21181151279956426 0.03445899379738113 0.07230392156862746
0 0.28893471456466807 0.22406641476034858 0.03308063404548586 0.07720588235294118
