0 0.6471971905124605 0.7829055958132046 0.08353705744288659 0.15869565217391307
0 0.8413699820844158 0.66805053440653 0.07823960880195599 0.12753620976987096
0 0.7682240853779861 0.9108041686520293 0.11043192296855898 0.16811589780061137
0 0.9493569172779137 0.6586302556085512 0.10024449877750605 0.19420285432235057
0 0.681548132183908 0.9523905569172114 0.08413793103448282 0.0933670343137255
0 0.7360308908045977 0.7212707652505448 0.09103448275862067 0.1482843137254902
0 0.6901688218390805 0.6783786083877995 0.05862068965517236 0.09436274509803919
0 0.7270653735632182 0.5902582039760348 0.07862068965517241 0.07498468137254911
0 0.735341235632184 0.5282560593681918 0.0703448275862069 0.09313725490196081
0 0.9787895114942529 0.4957805691721133 0.04137931034482764 0.1188725490196078
0 0.6007083785249459 0.12949663191469105 0.03398409255242226 0.05012853470437018
0 0.8709471198024352 0.8343605324074075 0.13025499655410067 0.21200980392156865
0 0.9284936394440616 0.9507246561819171 0.13921433494141966 0.09669883578431379
0 0.9726011515047096 0.8257821010348584 0.05375603032391455 0.13112745098039216
