0 0.5919812290281812 0.16877517761623612 0.09616946940900065 0.19420288749363113
0 0.41166338061742314 0.09160126457275784 0.1503667481662592 0.18188406902810805
0 0.19487445212615248 0.13580415206638896 0.10228201346175887 0.15144928641941238
0 0.6231548231602103 0.6586302556085512 0.09983695107159225 0.15652173913043485
0 0.4835867461287694 0.42312298711755236 0.07579462102689488 0.1347826086956522
0 0.29063648575189743 0.23363023902291072 0.0916870415647922 0.14420288749363114
0 0.5161096800433839 0.22975370132343137 0.09182935647143886 0.21465295629820047
0 0.3986114877078814 0.2586740098067219 0.11858279103398411 0.1722365038560411
0 0.560578226681128 0.5311675830715034 0.08098336948662327 0.13881748071979433
0 0.5529860357917571 0.7406791511948967 0.10484454085321768 0.1850899742930591
0 0.5045406272595806 0.5671573002951538 0.06435285610990604 0.13110539845758354
0 0.10360064172089659 0.09093622060363706 0.0462762111352133 0.09640102827763497
