0 0.833423771815467 0.3995722735369648 0.1291768043723258 0.2297101228133492
0 0.5512314203413115 0.883630255608551 0.11572944622459508 0.14710149350373636
0 0.4929274425287356 0.4982315495642701 0.05586206896551727 0.10906862745098037
0 0.5374401211135212 0.6249979172617347 0.060737527114967445 0.089974293059126
0 0.5681704175704989 0.5453064005522231 0.06724511930585682 0.07969151670951152
0 0.5884162599421549 0.45019071931829 0.05712219812002897 0.11568123393316192
0 0.5414169830079537 0.4206277373131486 0.044107013738250225 0.08740359897172235
0 0.49947916666666664 0.38785138769875277 0.03976861894432394 0.10154241645244216
0 0.4007806851048445 0.3570030586499095 0.05350686912509038 0.09125964010282778
0 0.17120729392624726 0.3505763234314005 0.0657989877078814 0.08354755784061695
