0 0.7580998563218392 0.31502076525054473 0.04413793103448273 0.12990196078431374
0 0.7108584770114942 0.4247021377995643 0.06275862068965524 0.19730392156862744
0 0.6222377873563218 0.46146684368191726 0.09655172413793107 0.23406862745098042
0 0.5080998563218391 0.5264178240740741 0.13724137931034489 0.295343137254902
0 0.3805136494252873 0.5417364515250545 0.11379310344827585 0.2058823529411765
0 0.30120330459770117 0.36526586328976035 0.10413793103448278 0.20833333333333334
0 0.331548132183908 0.7727413534858388 0.08620689655172414 0.16299019607843135
0 0.28982399425287353 0.8395305691721134 0.10482758620689656 0.18137254901960784
0 0.26982399425287357 0.59994723583878 0.08275862068965519 0.20465686274509803
0 0.2225826149425287 0.6073001770152506 0.08896551724137929 0.24877450980392163
0 0.468444683908046 0.11354251770152506 0.16965517241379313 0.22893688725490197
0 0.5994791666666667 0.06452290985838781 0.10206896551724137 0.13089767156862747
0 0.1567205459770115 0.40938351034858383 0.1006896551724138 0.18627450980392155
0 0.1808584770114942 0.7329129221132897 0.06620689655172413 0.12254901960784316
0 0.09878951149425286 0.6961482162309368 0.10758620689655171 0.14705882352941183
0 0.1167205459770115 0.5503148828976034 0.1089655172413793 0.1985294117647059
0 0.08637571839080459 0.22801096132897603 0.07034482758620687 0.18627450980392155
0 0.02223778735632184 0.7715158632897604 0.04551724137931035 0.1384803921568628
0 0.03361709770114942 0.3180844907407407 0.06413793103448276 0.18995098039215683
