0 0.26863157712257096 0.9296447925905484 0.06642218032501149 0.11159415867017673
0 0.06997808206796817 0.7400364776730457 0.07013738250180766 0.09383033419023137
0 0.04033238430947216 0.680910513662763 0.04121475054229936 0.07069408740359896
0 0.09709304953000723 0.5999336499095497 0.0650759219088937 0.08868894601542418
0 0.06274742407809111 0.5684426473388555 0.052783803326102684 0.0951156812339332
0 0.035270923716558204 0.5665146267733029 0.04555314533622559 0.07069408740359896
0 0.056962897686189444 0.476540333714177 0.04410701373825019 0.08097686375321339
0 0.20519138647866955 0.24453519232600207 0.04410701373825017 0.05655526992287916
0 0.22652182754880693 0.13013930543654195 0.033261026753434564 0.06940874035989719
0 0.19036853759942152 0.10764573217176045 0.037599421547360824 0.05526992287917738
0 0.12890794468546637 0.24967658050080926 0.034707158351409986 0.06683804627249354
0 0.1885608731019523 0.3447922617347425 0.03398409255242229 0.06169665809768635
0 0.20410678778018798 0.3133012591640484 0.024584237165582074 0.05526992287917738
0 0.686753208604483 0.020262216747595926 0.05856832971800436 0.042376285347043706
0 0.09564691793203181 0.43990794296867564 0.05206073752711496 0.06426735218509
