0 0.20811812968980808 0.45645634256507284 0.054604714540514215 0.08260869565217391
0 0.23419801172631102 0.35102155995637707 0.05052975978711416 0.07608695652173912
0 0.47502932622360816 0.056094012667399495 0.04808473470450032 0.10217391304347827
0 0.16696082925835373 0.31551429146537846 0.04645476772616138 0.08043478260869566
0 0.2036356458842706 0.556818672462746 0.061124694376528114 0.09927534020465359
0 0.49418171802573607 0.36297808169550755 0.038304858219361235 0.07101453698199728
0 0.265928913593637 0.5176714391126345 0.05422993492407807 0.060411311053984576
0 0.18639167570498916 0.8904220817861562 0.06579898770788144 0.11696658097686369
0 0.2268833604483008 0.28952233885556505 0.049891540130151846 0.07712082262210798
0 0.6986837942877802 0.20404676044939543 0.04193781634128702 0.09125964010282778
