0 0.39454091389973955 0.7936190971389383 0.07818931297019678 0.15277782239412008
0 0.6268454469280478 0.7621863262927554 0.08353904441550929 0.17178371496367872
0 0.49361709770114937 0.8597511574074075 0.08206896551724133 0.170343137254902
0 0.0867205459770115 0.9333954588779957 0.1303448275862069 0.13135723039215685
0 0.7346515804597701 0.8376923338779957 0.07862068965517241 0.1433823529411765
0 0.5601688218390806 0.7960256672113291 0.0620689655172414 0.13112745098039216
0 0.4294791666666667 0.696760961328976 0.060000000000000026 0.10906862745098037
0 0.3112033045977011 0.81869723583878 0.06344827586206894 0.10539215686274504
0 0.34465158045977007 0.7316874319172113 0.05034482758620692 0.08823529411764702
0 0.27637571839080455 0.6367119417211329 0.05862068965517242 0.09926470588235298
0 0.30809985632183906 0.5356090005446623 0.05310344827586206 0.107843137254902
0 0.374996408045977 0.6183295887799565 0.06413793103448277 0.14093137254901955
0 0.3943067528735632 0.5251923338779957 0.05172413793103446 0.08455882352941181
0 0.38051364942528737 0.460854098583878 0.033793103448275845 0.05637254901960784
0 0.2787895114942529 0.45962860838779956 0.05517241379310347 0.07598039215686275
0 0.6756860632183909 0.733525667211329 0.043448275862069015 0.09191176470588235
0 0.5412033045977012 0.6759276279956428 0.06689655172413798 0.10171568627450983
0 0.7456860632183909 0.9597434980936821 0.0868965517241379 0.07866115196078433
0 0.6963757183908046 0.6311972358387798 0.060000000000000026 0.1029411764705882
0 0.46043361352133044 0.5980056293439969 0.05567606652205352 0.08483290488431881
0 0.44922609363702093 0.5498051152051795 0.03759942154736079 0.060411311053984576
0 0.7959361442516268 0.8814246524802436 0.05422993492407807 0.10925449871465295
0 0.8132897234273317 0.8100878915547939 0.04699927693420101 0.0668380462724936
0 0.8020822035430224 0.7522472745882129 0.04338394793926253 0.08226221079691516
0 0.781113295372379 0.668057043225745 0.04627621113521331 0.08097686375321335
0 0.7821978940708604 0.6179285085213749 0.04266088214027472 0.07069408740359896
0 0.7662904464931308 0.5607305650766448 0.02964569775849597 0.07712082262210798
0 0.7290525578452639 0.7393938041511949 0.04338394793926241 0.05912596401028276
0 0.4940561731742588 0.7316817218889842 0.06362979031091828 0.0951156812339332
0 0.2991899403470716 0.7098308221460534 0.058568329718004304 0.07969151670951152
0 0.5157481471438901 0.5671573002951539 0.05784526391901667 0.0951156812339332
0 0.4846563177874187 0.46497221032086067 0.04483007953723786 0.06041131105398453
0 0.47851025849602313 0.508674009806722 0.042660882140274775 0.060411311053984576
0 0.4358493763557484 0.4604734956679044 0.041214750542299325 0.08740359897172235
0 0.4087344088937093 0.4193423902694468 0.03470715835140995 0.08483290488431876
0 0.2297756236442516 0.48810845710749307 0.038322487346348515 0.06298200514138817
0 0.24929840021691974 0.5793680972103209 0.04699927693420101 0.07326478149100261
0 0.20699905097613883 0.5806534442540227 0.04627621113521331 0.06812339331619542
0 0.20085299168474335 0.5369516447681615 0.03398409255242229 0.08611825192802053
0 0.17229189262472885 0.4778256807578787 0.07519884309472162 0.10154241645244211
0 0.20591445227765726 0.6558462463105779 0.057122198120028916 0.0951156812339332
0 0.46296434381778734 0.37628326430543657 0.05784526391901661 0.08097686375321339
0 0.47851025849602313 0.6609876344853851 0.03976861894432394 0.0668380462724936
0 0.22146036695589297 0.12306989669618205 0.03759942154736079 0.05784061696658098
0 0.4600720806218366 0.2406791511948967 0.04627621113521331 0.09254498714652955
0 0.22543722885032538 0.40327555222317435 0.049891540130151846 0.09383033419023137
0 0.29272520388238 0.12786543436819173 0.06960716747070987 0.0661764705882353
0 0.17384167528141514 0.36928700299564265 0.07029634734665749 0.10049019607843135
0 0.24207048300022974 0.35580661083878 0.05237767057201929 0.053921568627451
0 0.23035442510912016 0.3000468069172114 0.041350792556857356 0.07965686274509808
