0 0.2348092400162999 0.5557316827697263 0.09413202933985329 0.13043478260869562
0 0.11770042480115689 0.6018616704751023 0.09906001446131596 0.14395886889460158
0 0.12276188539407085 0.44247863705607926 0.09616775126536513 0.0951156812339332
0 0.09745458242950109 0.33772285299438254 0.0744757772957339 0.12982005141388173
0 0.8060590654374548 0.5369516447681615 0.07447577729573389 0.14010282776349614
0 0.8743887834417932 0.4424786370560792 0.06796818510484452 0.08226221079691522
0 0.9141574023861171 0.31715730029515377 0.08966015907447585 0.14267352185089974
0 0.8302817697035431 0.22204161906122058 0.06362979031091835 0.11182519280205655
0 0.7355601500361533 0.2715274802437399 0.06652205350686913 0.10796915167095116
0 0.7778594992769342 0.37371257021803295 0.06435285610990604 0.11182519280205655
0 0.9427185014461316 0.19183596353422833 0.07158351409978311 0.11053984575835477
0 0.9134343365871294 0.6121444468247167 0.08966015907447585 0.12082262210796915
0 0.8693273228488793 0.7406791511948967 0.09110629067245123 0.15424164524421596
0 0.7442369396240058 0.04018509592497382 0.06218365871294284 0.08222204370179949
0 0.8968038232104121 0.051753219318290015 0.10990600144613154 0.10535829048843189
0 0.9748949295010846 0.854432364562506 0.04916847433116409 0.09383033419023137
0 0.9575413503253795 0.48682311006379125 0.05639913232104116 0.09640102827763491
