1 0.465656848214172 0.7463114039717473 0.06682969072337255 0.12753620976987096
1 0.43305702364920795 0.9180505675778107 0.06275473596997247 0.13913043478260878
0 0.6113373573757132 0.35102155995637707 0.08924205378973109 0.1557971456776495
0 0.2826902568291724 0.5180505675778105 0.08394456784124768 0.13043478260869562
0 0.23154926875206935 0.6314563425650728 0.07457212713936429 0.10217391304347824
0 0.1184685841554923 0.4673259077824641 0.09861453179916717 0.10869565217391308
0 0.26537160585834035 0.3995723067082454 0.07049713507841154 0.1021739130434783
0 0.08912873085475881 0.34631140397174737 0.09290953545232272 0.12318838368291442
0 0.20689563580227752 0.18326792571087777 0.06275469866241977 0.14202900762143345
0 0.27739278953446544 0.8752969001610306 0.08638959292386156 0.1391304347826087
