0 0.21749058904546786 0.7771085496493969 0.08883458069892267 0.1282609359077786
0 0.32731128372403795 0.7912389844320057 0.0688671681000726 0.10434789242951771
0 0.3271075471786338 0.617325907782464 0.05052975978711416 0.09275366741677987
0 0.38048978648539383 0.5510215599563771 0.05867970660146699 0.12101453698199734
0 0.21097062786323034 0.601746186580443 0.05704970231557533 0.09927534020465359
0 0.3305712736420449 0.44449982082594236 0.06234718826405867 0.09202894127887229
0 0.4004571990842439 0.8068187056340267 0.04808473470450032 0.12101453698199734
1 0.4642306177812373 0.942688270851418 0.053382183345430906 0.0898550282353941
0 0.12906353739868265 0.5310940126673995 0.07986961308784765 0.1275362097698709
0 0.13171228037292432 0.37928242952159447 0.07701711491442544 0.09492758046025816
0 0.37784102485737575 0.6778331431021822 0.04523227383863079 0.094927514117697
0 0.520261600062239 0.8814563425650729 0.050529722479561376 0.11811589780061146
0 0.6757220603240247 0.2234853170152256 0.05582717112049202 0.08043478260869563
0 0.25212790964090837 0.28218096918913865 0.057049702315575365 0.06159422501273779
