0 0.7416602617428625 0.7826541179337231 0.11152268397955242 0.212719298245614
0 0.7490676691502699 0.5534874512670566 0.09423873336226846 0.14035087719298245
0 0.6188207555700231 0.7132096957974499 0.0938271604938271 0.16008771929824567
0 0.5893968746985917 0.5282681864836992 0.0670781641830633 0.11915206909179688
0 0.533635570384838 0.7088237308851691 0.06584367163387347 0.1454677916409677
0 0.4844586407696759 0.8396717287178856 0.07530864197530865 0.12646203292043587
0 0.42174959327548805 0.6494195110920689 0.040491684743311634 0.06940874035989714
0 0.38595783622559654 0.7522472745882129 0.035430224150397704 0.0951156812339332
0 0.40258834960231377 0.69312131057793 0.042660882140274775 0.06940874035989714
0 0.3194357827187274 0.7715274802437398 0.032537960954446866 0.08483290488431872
0 0.3360662960954447 0.7207562720175188 0.03398409255242226 0.09897172236503857
0 0.3563121384671006 0.6584169403979816 0.02964569775849603 0.07712082262210798
0 0.37764257953723784 0.6025043439969533 0.040491684743311634 0.08354755784061699
0 0.36679659255242225 0.8827099995239456 0.03470715835140995 0.1066838046272494
0 0.4210265274765003 0.9386225959249739 0.033261026753434564 0.07712082262210798
0 0.36209666485900216 0.9765604172617348 0.052783803326102684 0.04502731362467869
0 0.5359939895155459 0.9630642733028658 0.05784526391901667 0.07201960154241648
0 0.4774256597975416 0.950833392840141 0.05495300072306583 0.07326478149100261
0 0.6502383857556038 0.9302879236884699 0.15328994938539406 0.13757230077120824
0 0.8650890908568805 0.9550138718681918 0.16126809097174366 0.08812040441176469
0 0.980526720078107 0.8692870029956428 0.03790489317711921 0.1838235294117648
