0 0.6027713728539738 0.1905488715069568 0.023868362991898096 0.04020466720848754
0 0.5060635413652584 0.28338511766281277 0.021399151837384285 0.03581870229620684
0 0.6511252697603201 0.2369669945848848 0.029218132113233014 0.05701754385964914
0 0.528903047538098 0.3243208180626466 0.02674899631076393 0.04020470067074426
0 0.6751993438343943 0.5187652401989199 0.05102878146701393 0.07090645505670921
0 0.07952033148871526 0.7683997654310676 0.030864197530864185 0.04093565020644869
0 0.8029771216121719 0.7647447835167481 0.053909490137924364 0.10087719298245612
0 0.6256108790268131 0.3849933103743584 0.037448609905478374 0.05774856031986705
0 0.6597672450689622 0.457727239657099 0.039094675323109604 0.059941475851493974
0 0.10503474106023342 0.7121132045693797 0.03662550184461805 0.05701754385964911
0 0.11388248396508487 0.8086044326395551 0.06172839506172837 0.0643274407637747
0 0.21449976791570213 0.7285605729904323 0.04320987654320986 0.081140350877193
0 0.8526838530898232 0.7890173951525055 0.06753962784286702 0.09926470588235298
0 0.7220842665977486 0.503478179466231 0.05031013094417638 0.08946078431372545
0 0.6910711721801057 0.4599732775054466 0.029634734665747803 0.049019607843137254
0 0.6604026677004365 0.421370336328976 0.0289455547898001 0.03308823529411766
0 0.15971348782448888 0.7743115127995643 0.039283252929014474 0.06004901960784316
0 0.12249777452331727 0.7504144539760348 0.031013094417642995 0.0490196078431372
0 0.14592989030553644 0.7069095520152505 0.037904893177119224 0.0674019607843137
0 0.1783213444750747 0.6701448461328977 0.03101309441764301 0.06004901960784316
0 0.20382099988513674 0.6695321010348584 0.026878015161957276 0.06372549019607848
0 0.18762527280036762 0.7350958265250545 0.03170227429359063 0.0625
0 0.18865904261428898 0.614385042211329 0.046175051688490704 0.053921568627451
0 0.13007875315874112 0.6603409245642702 0.042039972432804974 0.06004901960784316
0 0.08838337066390996 0.654213473583878 0.04686423156443833 0.05269607843137252
0 0.08734960084998852 0.5996791598583878 0.04617505168849069 0.053921568627451
0 0.19348330174592238 0.5267624931917211 0.029634734665747745 0.03799019607843135
0 0.14903119974730072 0.5684291598583878 0.044107512060647835 0.04289215686274514
0 0.13007875315874112 0.6015173951525055 0.042039972432804974 0.04289215686274514
0 0.09493057948541236 0.5249242578976034 0.043418332184700204 0.06372549019607848
0 0.19968592062945098 0.4440419049564271 0.025499655410062043 0.05882352941176473
0 0.13490301229037446 0.4556840618191721 0.03376981392143351 0.060049019607843104
0 0.13249088272455778 0.5077673951525055 0.03997243280496209 0.05147058823529415
0 0.1672944664599127 0.4771301402505446 0.04066161268090971 0.04656862745098036
0 0.16247020732827935 0.44771837554466226 0.036526533425223974 0.05392156862745094
0 0.14937578968527454 0.3803164147603486 0.04755341144038594 0.058823529411764684
0 0.1776321645991271 0.3784781794662309 0.035148173673328745 0.060049019607843104
0 0.18762527280036762 0.5659781794662309 0.03997243280496209 0.05269607843137252
