0 0.7608891220528028 0.5426882376801374 0.11695194011212563 0.1942029206649117
0 0.8413699820844158 0.9542144947389859 0.1581092591973564 0.08971915867017673
0 0.5449152143582545 0.9578376610305959 0.09983695107159232 0.08247282608695648
0 0.5176128384342209 0.6553693860433337 0.0664221430174587 0.10217391304347824
0 0.5977550287356321 0.6054619417211329 0.05310344827586206 0.10049019607843135
0 0.5208584770114942 0.5582805691721132 0.04137931034482758 0.08210784313725486
0 0.5613012924801156 0.7863089712463106 0.0506146059291396 0.10411311053984576
0 0.5876931941431669 0.7021187398838428 0.06290672451193054 0.09768637532133674
0 0.42934178416485896 0.527954215462249 0.057122198120028916 0.06812339331619542
0 0.22399109725234995 0.5292395625059507 0.045553145336225585 0.08611825192802053
0 0.019725009038322486 0.2657434185470818 0.04049168474331164 0.11439588688946016
