0 0.6119486416270311 0.7484853170152256 0.04237981297276126 0.09420292066491169
0 0.5732363476244142 0.7981229871175525 0.03178484107579464 0.07608695652173912
0 0.6718508421160287 0.9484853501865063 0.04237981297276126 0.07391304347826078
0 0.9059584215781313 0.6256592300587038 0.05338225796053635 0.09927534020465359
0 0.7289005444316039 0.3651519947389858 0.0399347505825947 0.06666671089504074
0 0.3705060615321924 0.8926882708514179 0.033007334963325204 0.07101453698199733
0 0.4781487255965293 0.9463547617347425 0.04627621113521331 0.10543862467866327
0 0.44705689624005784 0.8146066897553079 0.03904555314533624 0.0733049485861184
0 0.4058421456977585 0.7978770946396267 0.027476500361532884 0.06812339331619542
0 0.3924654284164859 0.9759177437398838 0.052783803326102684 0.046312660668380405
0 0.3255818420101229 0.8692138555650766 0.04483007953723786 0.08483290488431872
0 0.32124344721619663 0.8010904622488811 0.033261026753434564 0.06940874035989714
0 0.3432969540853217 0.7548179686756166 0.03109182935647142 0.0616966580976864
0 0.3707734544468546 0.7888796653337141 0.03976861894432394 0.08097686375321335
0 0.4015037509038322 0.7169002308864134 0.041937816341287085 0.08868894601542418
0 0.4221111261749819 0.6622729815290869 0.03398409255242226 0.053984575835475564
0 0.5848009309472161 0.4861804365419405 0.03543022415039765 0.07197943444730079
0 0.6589151753434562 0.36342979386841856 0.04338394793926241 0.07840616966580975
0 0.6195080892986262 0.34414958821289154 0.03976861894432394 0.07069408740359896
0 0.5808240690527837 0.3589310792154622 0.03759942154736085 0.046272493573264774
0 0.5844393980477224 0.3261547296010664 0.03904555314533624 0.050128534704370196
0 0.6140850958062183 0.29594907407407406 0.033261026753434564 0.04370179948586118
0 0.7521906634128704 0.20019071931829002 0.0477223427331887 0.08868894601542418
0 0.8046129338394794 0.16355832857278874 0.04266088214027472 0.06683804627249357
0 0.8631812635574837 0.2381084571074931 0.04555314533622561 0.07969151670951155
0 0.8834271059291395 0.17448377844425403 0.03976861894432394 0.0681233933161954
0 0.9604336135213304 0.45597478101494815 0.0723065798987708 0.0784061696658098
0 0.8617351319595082 0.05109046224888127 0.044107013738250225 0.055269922879177376
0 0.36426586225596524 0.7027614134056935 0.032537960954446866 0.05784061696658093
0 0.38161944143167026 0.6378513876987528 0.03398409255242226 0.0616966580976864
0 0.36535046095444684 0.5845094853851279 0.03904555314533624 0.0784061696658098
0 0.33389709869848155 0.7027614134056936 0.02819956616052058 0.06812339331619542
0 0.3393200921908894 0.6539182257450252 0.021691973969631264 0.05269922879177374
0 0.25363679501084596 0.6892652694468246 0.02530730296456977 0.04370179948586118
0 0.23086022234273315 0.7014760663619918 0.024584237165582074 0.04241645244215936
0 0.24929840021691974 0.8062318504236885 0.031091829356471447 0.04884318766066837
