0 0.7968042821059993 0.5498325028149937 0.14362137405960654 0.1856725592362253
0 0.7902199450834296 0.880812937567341 0.16255146544656635 0.23652227301346634
0 0.600096450617284 0.4993939063237656 0.07777777777777774 0.14327480918482732
0 0.6295203314887153 0.7669377994351452 0.1341564037181713 0.2675439265736363
0 0.5241705623673804 0.7406219764992044 0.08477368766878861 0.17690062941166398
0 0.47458205988377694 0.9199211135477583 0.08189297899787812 0.15830592105263167
0 0.37910879629629624 0.7647447835167481 0.05802469135802468 0.12426905046429552
0 0.4156035339840925 0.6494195110920689 0.04410701373825017 0.09254498714652955
0 0.3942730929139551 0.7034040869275444 0.0361532899493854 0.08226221079691516
0 0.3855963033261027 0.57165601494811 0.05061460592913954 0.08354755784061699
0 0.36245819775849597 0.6314246524802437 0.04338394793926247 0.089974293059126
0 0.3371508947939263 0.7008333928401409 0.05061460592913954 0.089974293059126
0 0.3201588485177151 0.7766688684185471 0.04699927693420101 0.089974293059126
0 0.370050388647867 0.905203572788727 0.042660882140274775 0.08740359897172226
0 0.0869701283441793 0.09607760877844426 0.056399132321041205 0.08868894601542415
0 0.5801010032537962 0.16355832857278874 0.031814895155459176 0.05655526992287918
0 0.6028775759219089 0.11342979386841855 0.048445408532176396 0.07197943444730076
0 0.5594936279826465 0.05109046224888127 0.0253073029645698 0.05012853470437018
0 0.9430800343456254 0.05237580929258307 0.04338394793926241 0.07069408740359898
0 0.8942730929139552 0.03311568718461392 0.052783803326102684 0.06808322622107969
