0 0.28126402639623765 0.4194998208259424 0.07049713507841154 0.10869565217391303
0 0.6751108133802594 0.5216737338694206 0.04889975550122247 0.0855072021484375
0 0.7826902754829488 0.7810260778847908 0.06519972374503358 0.0882699054220448
0 0.4609706465170067 0.5024708463757895 0.05175221636709199 0.09927534020465359
0 0.3992347051967133 0.29522446403564845 0.07171966627349478 0.10652177230171535
0 0.7576291507885723 0.6006592300587038 0.07294208554591997 0.10144925324813182
0 0.8234400841698184 0.8872534882427222 0.06682969072337255 0.1253623630689537
0 0.8554286617910172 0.556818672462746 0.07701711491442549 0.09927534020465359
0 0.9139045945395273 0.713340411593181 0.08801955990220046 0.11376813805621609
0 0.8971971905124607 0.8423259077824642 0.09453950243066167 0.12971018915591032
0 0.7529429117838542 0.49305053440653 0.06682969072337255 0.094927514117697
0 0.8780447987103327 0.33326792571087777 0.06356968215158929 0.09710142716117529
0 0.5300415511624834 0.9578376610305959 0.057049739623128086 0.08247282608695648
0 0.5291248644251626 0.6519902051794725 0.05278380332610263 0.10539845758354759
0 0.4998406995661605 0.6057177116062077 0.04627621113521331 0.07455012853470433
0 0.43621090925524225 0.6449207964391126 0.0361532899493854 0.08868894601542418
0 0.45681828452639195 0.39813416404836716 0.042660882140274775 0.09897172236503857
0 0.4795948571945047 0.3332241383414262 0.03759942154736079 0.07969151670951158
0 0.44380310014461305 0.24903390697895839 0.03832248734634849 0.09125964010282775
0 0.4000576193058568 0.39941951109206886 0.05929139551699206 0.11696658097686373
0 0.8060590654374548 0.3383655265162334 0.060014461315979754 0.07969151670951158
0 0.8338970986984815 0.40199020517947254 0.0506146059291396 0.08868894601542418
0 0.8740272505422993 0.4212704108349995 0.055676066522053466 0.07583547557840616
0 0.9250033893709327 0.3820673260020947 0.052060737527114986 0.07197943444730079
0 0.9481414949385394 0.5735840355136628 0.08098336948662327 0.12082262210796915
0 0.9705565347071583 0.6635583285727887 0.05495300072306577 0.09768637532133674
0 0.820520381417209 0.4906791511948966 0.060014461315979754 0.09640102827763491
0 0.7142297089660159 0.5504477887270304 0.03398409255242226 0.053984575835475564
0 0.6458999909616774 0.5787254236884699 0.036153289949385346 0.08226221079691516
