0 0.24601544020325553 0.3002969167466709 0.06927464119088095 0.12536232989767326
0 0.20689563580227752 0.3984853501865062 0.06275469866241977 0.10869565217391308
0 0.9145158787908453 0.3144273349436393 0.1128769107436201 0.1869565217391304
0 0.7398985448300796 0.22011359849566792 0.07809110629067248 0.11311053984575836
0 0.9250033893709326 0.09481234528230029 0.13738250180766443 0.19147654241645243
0 0.916688132682574 0.5215274802437398 0.08604483007953725 0.1709511568123393
0 0.9879101138828633 0.4026328787013234 0.023138105567606596 0.13881748071979438
0 0.9875485809833694 0.21175884271160622 0.023861171366594408 0.14010282776349614
0 0.19289926789587852 0.187337248881272 0.07881417208966018 0.11953727506426738
0 0.1390308658712943 0.2734555008092926 0.05929139551699206 0.09897172236503857
0 0.06997808206796818 0.2554606421974674 0.07158351409978309 0.07326478149100256
0 0.11336203000723065 0.1519902051794725 0.08026030368763556 0.09768637532133677
0 0.05407063449023862 0.2104734956679044 0.06001446131597976 0.07326478149100259
