0 0.9086071458985967 0.6318186724627459 0.12469437652811734 0.16811596414317256
0 0.6651271257346106 0.5216737338694206 0.05338225796053635 0.0855072021484375
0 0.5681425982213351 0.5640650382172467 0.06397722985750308 0.0992754065472147
0 0.5373765144876669 0.6658766545343322 0.06927467849843373 0.11304347826086956
0 0.5135378836808209 0.8115287952760952 0.09331700854313117 0.144927514117697
0 0.40840340935319247 0.7640650382172468 0.06153216746733647 0.09202894127887233
0 0.3385174839109935 0.8470360969383746 0.05460475184806691 0.10144931959069295
0 0.26150036899656814 0.8977606903911598 0.06764463690498929 0.13768111519191575
0 0.22951177272159295 0.7310940126673997 0.06805214730335042 0.11159422501273784
0 0.43244577670544265 0.6042824295215945 0.06397722985750308 0.09420285432235058
0 0.8234400468622657 0.23834039500754045 0.06356968215158929 0.09710146033245586
0 0.3497236840979492 0.5771085164781162 0.06642218032501149 0.08768111519191575
0 0.3000089264537808 0.673123020288833 0.05175221636709199 0.08550726849099861
