0 0.3698948145884271 0.5854418719256366 0.06356968215158923 0.10869565217391308
0 0.26863157712257096 0.7238476469128988 0.053382220652983654 0.07391304347826089
0 0.31590134699167816 0.816238951260725 0.05745721271393644 0.07753627611243206
0 0.36867233935467286 0.707543299086812 0.05052975978711416 0.10652173913043483
0 0.20282066239510113 0.6314563425650727 0.054604751848066936 0.07318845002547558
0 0.20282066239510113 0.803195506171136 0.07579462102689488 0.13260876199473506
0 0.3246625407497962 0.48363025560855105 0.05867970660146699 0.10942024562669839
0 0.1217285554197229 0.5571809691891386 0.07823960880195598 0.14637683370838994
0 0.6516796929717744 0.2763838898540504 0.05582724573559747 0.08768118153447692
0 0.12519230053691038 0.41261575179783433 0.08516709903633098 0.10362316629161007
