0 0.3000089264537808 0.51805053440653 0.04930722859203088 0.11594205109969427
0 0.4401882504289871 0.3093548822326169 0.055827245735597525 0.11594205109969427
0 0.49744172659751934 0.9484853501865063 0.061124694376528114 0.07826086956521747
0 0.4887895114942529 0.321760961328976 0.05034482758620692 0.09436274509803919
0 0.32919717100506146 0.8615017733028659 0.05929139551699206 0.08740359897172235
0 0.27135190708604484 0.9000621846139198 0.04049168474331166 0.0616966580976864
0 0.3545044739696312 0.5774400766447683 0.03759942154736079 0.08226221079691516
0 0.40945747469269705 0.8994195110920689 0.05929139551699206 0.08868894601542418
0 0.4427185014461315 0.9778457643054367 0.04338394793926247 0.04245661953727504
0 0.5331017263195951 0.2464632128915548 0.04916847433116415 0.09383033419023137
0 0.33751242769342016 0.047897178187184614 0.058568329718004304 0.09764620822622108
