0 0.9065696685218967 0.32276069039115973 0.08149961737373926 0.12826086956521743
0 0.8381100108201851 0.4705867773476815 0.0741646540485559 0.12536236306895376
0 0.8114188818399171 0.7379780816955076 0.08272203664616444 0.14420285432235058
0 0.16166336196364672 0.8220360305958132 0.09942951528833664 0.13695652173913045
0 0.26412124909616774 0.9193624738170046 0.10122921185827909 0.15942320051413883
0 0.13866933297180045 0.9521388234314007 0.11062906724511931 0.09387050128534706
0 0.15349218185104843 0.6796251666190612 0.09255242227042661 0.11182519280205659
0 0.41632659978308023 0.5665146267733029 0.04699927693420101 0.0784061696658098
0 0.37655798083875625 0.5292395625059507 0.057122198120028916 0.1066838046272493
0 0.5139404826464208 0.48039637484528225 0.03109182935647142 0.06298200514138812
0 0.5584090292841649 0.4174143697038941 0.033261026753434564 0.08611825192802058
0 0.5312940618221258 0.39877683757021803 0.02964569775849603 0.059125964010282805
0 0.5237018709327549 0.353789691040655 0.03470715835140995 0.059125964010282805
0 0.5696165491684743 0.32229868846996096 0.03109182935647148 0.06555269922879177
0 0.6083005694143166 0.34736295582214605 0.03904555314533624 0.0616966580976864
0 0.6505999186550977 0.27152748024373985 0.051337671728127296 0.10025706940874034
0 0.5981776482284888 0.28887966533371423 0.036153289949385346 0.06812339331619537
0 0.6043237075198843 0.23939380415119488 0.03109182935647148 0.061696658097686374
0 0.7431523409255242 0.25031925402266014 0.06290672451193054 0.09897172236503854
0 0.8136512563268257 0.2541752951537656 0.06507592190889373 0.09125964010282775
0 0.7984668745480838 0.1603449609635342 0.05639913232104116 0.08354755784061696
0 0.761228985900217 0.13270999952394555 0.048445408532176396 0.08483290488431877
0 0.9025883496023138 0.13528069361134915 0.11424439624005783 0.16195372750642673
0 0.9814025216919738 0.38849406122060365 0.036153289949385346 0.12853470437017994
0 0.973810330802603 0.6005763234314007 0.051337671728127296 0.19280205655526994
0 0.9199419287780187 0.7528899481100638 0.0954446854663774 0.15809768637532132
0 0.9792333242950109 0.9148436756164906 0.040491684743311634 0.14010282776349609
