0 0.6484197217075438 0.5050070561456604 0.05990220048899755 0.08550726849099867
0 0.774132818270235 0.7296447262479873 0.07171959165838934 0.15652173913043485
0 0.10440990444889084 0.20102154337073677 0.06234718826405867 0.1253623298976732
0 0.27204980760395125 0.39073308142701524 0.05031013094417644 0.10661764705882351
0 0.22346262634964392 0.28840465005446625 0.05375603032391455 0.08088235294117643
0 0.19899674075350332 0.20690955201525052 0.05444521019986217 0.07720588235294115
0 0.23069901504709395 0.1572771990740741 0.039283252929014474 0.07843137254901962
0 0.05254601711463359 0.1039683755446623 0.05513439007580979 0.1017156862745098
0 0.2806645560532966 0.22896837554466232 0.04548587181254306 0.07475490196078433
0 0.32511665805191825 0.22284092456427015 0.04479669193659544 0.0625
0 0.30444126177348957 0.16156641476034858 0.046175051688490676 0.06495098039215684
0 0.356474342407535 0.15237523828976035 0.045485871812543086 0.071078431372549
0 0.40264939409602574 0.24306151279956426 0.03308063404548586 0.06127450980392158
0 0.4402096973351712 0.2669585716230937 0.039283252929014446 0.07965686274509808
0 0.416777581552952 0.145635042211329 0.028256374913852512 0.06495098039215687
0 0.23655704399264874 0.07516935593681918 0.041350792556857356 0.07352941176470588
0 0.17039577590167704 0.06230170887799564 0.035837353549276356 0.06985294117647059
0 0.7331111446129107 0.3490664147603486 0.042039972432804974 0.10171568627450978
0 0.8902441563289687 0.30494876770152507 0.05306685044796697 0.12377450980392159
0 0.6025115581208362 0.2455124931917211 0.03308063404548586 0.06127450980392158
0 0.6448961204916149 0.1695321010348584 0.033769813921433446 0.05147058823529412
