0 0.3358989197530864 0.538867590534292 0.1222222222222222 0.22660814251816064
0 0.224582059883777 0.5041453794661553 0.10041149751639662 0.17178364803916527
0 0.7539619252873564 0.32666292211328973 0.13517241379310352 0.20955882352941174
0 0.6112033045977012 0.3560746868191721 0.07862068965517241 0.15318627450980393
0 0.6643381688358639 0.7548179686756165 0.13955169920462762 0.23136246786632392
1 0.1773533532176428 0.35764573217176043 0.08966015907447578 0.12082262210796915
0 0.056601364786695585 0.52152748024374 0.11424439624005785 0.1452442159383034
0 0.3093128615328995 0.37564059078358564 0.09616775126536513 0.14910025706940877
0 0.5052636930585683 0.2920930329429687 0.11352133044107007 0.23393316195372746
0 0.6571075108459871 0.18797992240312295 0.07881417208966018 0.18508997429305915
0 0.5370785882140275 0.08129611777587357 0.08604483007953725 0.14652956298200515
0 0.5815471348517716 0.18540922831571932 0.060737527114967445 0.12596401028277635
