0 0.5094628916198681 0.5035578028975286 0.09820705870835879 0.14927534020465358
0 0.42103582131930656 0.7060940126673997 0.07049717238596423 0.11811596414317257
0 0.9311494486623282 0.6442781229172618 0.13665943600867686 0.16709511568123397
0 0.696876129790311 0.4707562720175188 0.05856832971800436 0.059125964010282805
0 0.5074328904555314 0.2599593568504237 0.049891540130151846 0.09768637532133677
0 0.45139529103398407 0.22075627201751882 0.05350686912509038 0.08611825192802058
0 0.5222557393347794 0.18797992240312292 0.0477223427331887 0.04884318766066837
0 0.5276787328271872 0.09672028230029515 0.04555314533622561 0.09768637532133678
0 0.4795948571945047 0.11150177330286586 0.05639913232104122 0.12210796915167095
0 0.41451893528561096 0.11666324502523087 0.05061460592913954 0.09644119537275063
0 0.4387416395516992 0.02668895196610492 0.04699927693420101 0.055229755784061696
