1 0.1763332886140135 0.9081999909282691 0.12387939303894792 0.18174816629160997
0 0.29267396312859745 0.9093549154038975 0.1014669926650367 0.15652173913043474
0 0.5991124185004075 0.3212434691891386 0.11613691931540349 0.18174816629161006
1 0.2489368673174259 0.39235010235170903 0.09689081706435287 0.1645244215938303
1 0.2897900849602314 0.27088480672188897 0.07013738250180769 0.13753213367609254
1 0.34582768438177874 0.4206277373131486 0.08098336948662327 0.1619537275064267
0 0.3761964479392625 0.27602619489669616 0.07953723788864787 0.11182519280205656
0 0.4210265274765003 0.17255575787870134 0.062183658712942895 0.13110539845758354
0 0.5873316612436732 0.10186167047510235 0.0723065798987708 0.12853470437017994
0 0.5251480025307302 0.027331625487955823 0.10122921185827909 0.0565151028277635
0 0.43368017895878525 0.948925455822146 0.07736804049168473 0.10029723650385608
