0 0.4436519955461746 0.9010215599563771 0.07579462102689488 0.12101453698199723
0 0.5813862571312144 0.9093549154038975 0.058679706601467055 0.13768124787703798
0 0.7323642895487915 0.9458811392914656 0.07049717238596429 0.10638586956521748
0 0.05258261494252873 0.9487140863289761 0.10482758620689656 0.10071997549019614
0 0.628444683908046 0.5251923338779957 0.0620689655172414 0.10416666666666673
0 0.7048298535791756 0.26767143911263447 0.044107013738250225 0.08226221079691516
0 0.7116989786695589 0.16227298152908692 0.0506146059291396 0.06940874035989719
0 0.6567459779464931 0.21175884271160622 0.052060737527114986 0.06812339331619537
0 0.624931082791034 0.12306989669618205 0.052060737527114986 0.06812339331619538
0 0.6365001355748373 0.04080768589926688 0.03470715835140995 0.06812339331619538
0 0.6932608007953724 0.08708017947253166 0.044107013738250225 0.05784061696658098
0 0.7424292751265364 0.06844264733885556 0.04555314533622561 0.07197943444730076
0 0.7594213214027477 0.1545608992668761 0.0506146059291396 0.07197943444730076
0 0.9470568962400578 0.08065344425402265 0.08170643528561096 0.07840616966580978
0 0.7847286243673175 0.08515215890697896 0.04193781634128702 0.07969151670951156
0 0.7514675976138827 0.24132182471674757 0.0477223427331887 0.06812339331619537
0 0.8194357827187274 0.17576912548795584 0.05350686912509038 0.08097686375321336
0 0.8371508947939261 0.11021642625916404 0.04555314533622561 0.06555269922879177
0 0.8819809743311642 0.025403604922403122 0.05856832971800436 0.0526590616966581
