0 0.16943802068262925 0.6415722577427795 0.09794239938994985 0.1454678585654811
0 0.08816230679735725 0.4509883761638321 0.08600825557002315 0.0742415712590804
0 0.518820755570023 0.5187652401989199 0.08971188392168206 0.15716372038188736
0 0.10561286756260051 0.5469830814270152 0.09924190213645763 0.10539215686274504
0 0.24758392200781068 0.5555615127995643 0.11026878015161955 0.11029411764705883
0 0.17728757466115325 0.49061053240740743 0.06064782908339078 0.08823529411764708
0 0.018776203193200093 0.41217915985838777 0.03859407305306685 0.08578431372549018
0 0.39265628589478524 0.6873017088779957 0.0640937284631289 0.13112745098039216
0 0.5291139013324144 0.9286658326525055 0.09166092350103382 0.1408164828431373
0 0.47053361187686654 0.7614438657407407 0.08614748449345276 0.18872549019607848
0 0.6762538048472319 0.8031105324074075 0.13094417643004827 0.2009803921568627
0 0.8816294078796233 0.7504144539760348 0.10337698139214334 0.1691176470588235
0 0.779975376177349 0.7259046500544662 0.09855272226051 0.19607843137254902
0 0.6862469130484724 0.4569095520152506 0.09166092350103376 0.13848039215686275
0 0.7702673083875633 0.5395223388555651 0.10267534345625447 0.16066838046272497
0 0.8479968817787418 0.5793680972103209 0.07447577729573389 0.15552699228791778
0 0.6762687545191612 0.6378513876987528 0.10412147505422997 0.15424164524421596
0 0.6046852404193781 0.5504477887270304 0.08676789587852494 0.1516709511568123
0 0.4900793112798265 0.36664316147767306 0.08315256688358641 0.16195372750642673
0 0.3469122830802603 0.40520357278872704 0.049891540130151846 0.10539845758354753
0 0.35522753976861887 0.5735840355136629 0.0954446854663774 0.14910025706940877
0 0.2348370842371656 0.4803963748452823 0.07302964569775854 0.08354755784061699
0 0.7633981832971801 0.9598709892411691 0.1236442516268981 0.07840616966580959
0 0.6155312274041937 0.7843809506807577 0.08676789587852494 0.13881748071979438
0 0.5764856742588576 0.4154863491383414 0.06507592190889373 0.1362467866323908
0 0.8906577639190165 0.15006218461391982 0.099060014461316 0.10411311053984576
0 0.8046129338394794 0.09414958821289154 0.051337671728127296 0.11568123393316193
1 0.5598551608821403 0.2573886627630201 0.10990600144613154 0.16195372750642673
1 0.4987561008676789 0.11278712034656765 0.10339840925524217 0.16066838046272494
0 0.37438878344179316 0.1931213105779301 0.07013738250180766 0.09511568123393317
0 0.4506722252349964 0.6160004879558221 0.062183658712942895 0.10282776349614393
0 0.646619070181484 0.9532330814270153 0.09097174362508617 0.07965686274509812
0 0.8575081122214565 0.912791904956427 0.12543073742246721 0.1605392156862744
1 0.15178791925109122 0.24857621868191718 0.17643004824259131 0.3517156862745098
0 0.42194643062255915 0.4691644539760349 0.07718814610613371 0.10906862745098041
0 0.5459988082931312 0.7044585716230938 0.07718814610613366 0.17279411764705885
