0 0.6272298152211632 0.09160126457275784 0.03871233131016964 0.08768114836319635
0 0.6569771789202579 0.258630255608551 0.04523227383863085 0.07536236306895379
0 0.7341980303800874 0.2977606903911597 0.05052972247956144 0.07826086956521743
0 0.7602779124165904 0.2068186392914654 0.04645476772616135 0.08043478260869563
0 0.9605631361186456 0.23363023902291072 0.06397722985750308 0.073188416854195
0 0.7849314894050531 0.2952244474500082 0.042787286063569734 0.06884055759595788
0 0.6692021177955635 0.05609401266739949 0.042787286063569734 0.09202900762143344
0 0.8845647412387939 0.16515197815334548 0.058679706601467055 0.09710146033245586
0 0.4856860632183908 0.9412462554466231 0.06344827586206894 0.11519607843137263
0 0.12154813218390804 0.9597434980936821 0.12827586206896552 0.07866115196078433
0 0.6201688218390804 0.9634199686819171 0.05241379310344823 0.07130821078431379
0 0.6632722701149425 0.6091384123093682 0.06551724137931032 0.11029411764705883
0 0.714996408045977 0.22433449074074074 0.042068965517241354 0.06862745098039216
0 0.8005136494252874 0.23475115740740743 0.03931034482758614 0.06495098039215687
0 0.6618929597701149 0.19185900054466232 0.04482758620689656 0.06495098039215687
0 0.7290525578452639 0.3788539583928401 0.040491684743311634 0.06298200514138817
0 0.6834994125090382 0.3435069146910406 0.04338394793926253 0.07455012853470439
0 0.6914531362979032 0.27538352137484534 0.040491684743311634 0.06169665809768635
0 0.7793056308749096 0.3704992026087784 0.05856832971800436 0.07455012853470439
0 0.7059144522776573 0.4360519018375702 0.040491684743311634 0.05655526992287916
0 0.7771364334779464 0.13142465248024376 0.055676066522053466 0.077120822622108
0 0.7236295643528562 0.15391822574502523 0.04699927693420101 0.06812339331619537
0 0.834981697396963 0.2638153979815291 0.04266088214027472 0.06683804627249357
0 0.9770641268980477 0.5093166833285728 0.04483007953723792 0.0925449871465296
0 0.8483584146782357 0.5491624416833286 0.05350686912509038 0.07712082262210798
0 0.8404046908893709 0.2156148838427116 0.021691973969631205 0.05784061696658096
0 0.8132897234273319 0.18476655479386841 0.03832248734634855 0.05526992287917738
0 0.9781487255965293 0.08708017947253166 0.04266088214027472 0.08354755784061697
0 0.9195803958785249 0.08708017947253166 0.0498915401301519 0.07840616966580978
0 0.939103172451193 0.15777426687613055 0.052783803326102684 0.09640102827763494
0 0.834981697396963 0.13335267304579643 0.036876355748373155 0.07326478149100259
