0 0.46484186472500255 0.6894273681149199 0.04645476772616135 0.094927514117697
0 0.46952806642216793 0.9097172784728513 0.04767726161369197 0.0804347826086956
0 0.863374872059966 0.7368911251737685 0.034229828850855765 0.06086956521739132
0 0.7790227938203571 0.5713114371430279 0.04645476772616135 0.07608695652173912
0 0.4183870969988412 0.835079575199244 0.04645476772616135 0.07753627611243206
0 0.21565684821417203 0.5191374909282691 0.03463730194166412 0.057246398925781254
0 0.4304082620211899 0.5416012811583981 0.033007334963325204 0.0644927315090014
0 0.703024436248058 0.4575432990868119 0.03871233131016964 0.061594158670176674
0 0.8293487797545145 0.5807316827697263 0.041157319085230765 0.0804347826086956
0 0.41044088672989254 0.4292824295215945 0.0387122566950642 0.057246332583220136
0 0.369079849753034 0.3571810023604192 0.04645480503371407 0.07826086956521743
0 0.4862355077567874 0.5865288284473757 0.0387122566950642 0.054347826086956486
0 0.6033911844143172 0.4767462197517236 0.033414808054133494 0.05652173913043478
0 0.12356229625101876 0.5901519947389858 0.04523227383863081 0.06594198475713312
0 0.49188697577729573 0.8390082000380843 0.040491684743311634 0.07583547557840616
0 0.5139404826464208 0.9604734956679042 0.03976861894432394 0.05141388174807191
0 0.4785102584960231 0.7721701537655907 0.041214750542299325 0.05784061696658093
0 0.5023714298626174 0.7175429044082642 0.035430224150397704 0.06940874035989714
0 0.46441047541576286 0.6217845496524801 0.0361532899493854 0.05269922879177374
0 0.25110606471438895 0.4321958607064648 0.028922631959508303 0.053984575835475564
0 0.7547213937093276 0.5093166833285728 0.02819956616052058 0.05655526992287921
0 0.36535046095444684 0.41420100209463967 0.0361532899493854 0.04370179948586118
0 0.011048219450469991 0.24517786584785303 0.021691973969631236 0.0475578406169666
0 0.2778594992769342 0.148776837570218 0.024584237165582046 0.044987146529562975
0 0.24134467642805493 0.10186167047510235 0.02241503976861896 0.04113110539845758
0 0.26086745300072306 0.31972799438255733 0.031091829356471447 0.04241645244215941
0 0.45826441612436736 0.5253835213748452 0.032537960954446866 0.05784061696658093
0 0.4423569685466377 0.4752549866704751 0.02964569775849603 0.06812339331619537
0 0.8816194414316703 0.7895223388555651 0.04916847433116409 0.053984575835475564
0 0.9709180676066521 0.8255120560792154 0.044107013738250225 0.08483290488431872
0 0.9879101138828633 0.9161290226601922 0.023138105567606596 0.060411311053984576
0 0.9289802512653651 0.668057043225745 0.041214750542299325 0.08097686375321335
0 0.9174111984815618 0.6102164262591641 0.051337671728127296 0.08611825192802053
0 0.8678811912509038 0.5967202823002953 0.030368763557483785 0.04884318766066837
0 0.8610120661605206 0.533738277158907 0.022415039768618902 0.04627249357326483
0 0.8877655007230657 0.5459490740740741 0.03543022415039765 0.044987146529563
0 0.8364278289949386 0.49646321289155476 0.023861171366594408 0.06426735218508994
0 0.8277510394070858 0.5285968889840998 0.03687635574837304 0.04627249357326483
0 0.7876208875632682 0.5131727244596782 0.030368763557483785 0.05655526992287921
0 0.8093128615328995 0.4739696396267733 0.024584237165582105 0.060411311053984576
0 0.7749672360809834 0.4553321074930972 0.044107013738250225 0.06426735218509
0 0.8512506778741865 0.4405506164905265 0.033261026753434564 0.0475578406169666
0 0.9137958694866233 0.4906791511948967 0.02819956616052058 0.04498714652956295
0 0.884873237527115 0.4450493311434828 0.03109182935647148 0.03856041131105399
0 0.988994712581345 0.4366945753594211 0.02096890817064351 0.04241645244215936
0 0.9145189352856109 0.3203706679044083 0.0253073029645698 0.0308483290488432
0 0.7326678868402025 0.4726842925830715 0.024584237165582105 0.05784061696658093
0 0.753636795010846 0.37371257021803295 0.026030368763557493 0.03470437017994857
0 0.7359216829356472 0.3910647553080072 0.03398409255242226 0.053984575835475564
0 0.6903685375994215 0.39170742882985815 0.02964569775849597 0.05269922879177379
0 0.7348370842371655 0.32422670903551365 0.026030368763557493 0.053984575835475564
0 0.7008529916847431 0.33065344425402265 0.023138105567606596 0.04370179948586118
0 0.4394647053506869 0.6057177116062077 0.02675343456254519 0.04884318766066837
