0 0.2581211608133198 0.7954465379027131 0.14362141173562884 0.2339181732713131
0 0.5677919364269869 0.7468354156375163 0.08065841109664357 0.12646196599592235
0 0.3702610910674672 0.5688383619222956 0.12098769199701002 0.17690056248715047
0 0.49016882183908045 0.8303393927015251 0.1068965517241379 0.1875
0 0.4653412356321838 0.6710256672113291 0.08344827586206893 0.13112745098039216
0 0.3701688218390805 0.707790373093682 0.0917241379310345 0.14583333333333334
0 0.25568606321839077 0.6012876157407406 0.11793103448275864 0.13625919117647065
0 0.1160308908045977 0.9107238902505447 0.12551724137931033 0.16398590686274503
0 0.2732722701149425 0.9522756672113288 0.14758620689655172 0.08823529411764702
0 0.38844468390804593 0.9014178240740741 0.10206896551724137 0.15563725490196081
0 0.5336170977011494 0.9645305691721132 0.133103448275862 0.06617647058823521
0 0.07982399425287355 0.45656488289760344 0.07379310344827586 0.09436274509803924
0 0.07982399425287356 0.3395305691721133 0.07103448275862068 0.09803921568627451
0 0.1446515804597701 0.3162462554466231 0.0503448275862069 0.10049019607843135
0 0.06327227011494252 0.20533939270152507 0.06275862068965517 0.1041666666666667
0 0.6263757183908045 0.9044815495642702 0.09241379310344833 0.1519607843137254
0 0.14258261494252875 0.7347511574074075 0.0889655172413793 0.11397058823529416
0 0.2532722701149425 0.4663688044662309 0.08000000000000002 0.0649509803921569
0 0.08637571839080459 0.7696776279956427 0.08689655172413795 0.10049019607843135
0 0.13541553687635574 0.6089310792154622 0.10990600144613158 0.12467866323907452
0 0.15096145155459148 0.5299023195753594 0.0947216196673897 0.136206619537275
0 0.14336926066522052 0.1834812077501666 0.09544468546637741 0.14010282776349614
0 0.020448074837310194 0.348005629343997 0.039045553145336226 0.10668380462724936
0 0.010325153651482283 0.23168172188898412 0.02024584237165582 0.11825192802056556
0 0.03816318691250903 0.06782005736456251 0.07158351409978309 0.13749196658097687
0 0.05551676608821402 0.5690853208607065 0.06146059291395517 0.11696658097686378
0 0.19832226138828632 0.4861804365419404 0.06941431670281997 0.10282776349614399
