0 0.3260223953812211 0.48513952035885344 0.09917696729118444 0.1907894736842105
0 0.07828575416847511 0.32870676624379896 0.11152262746551887 0.12646199945817915
0 0.19289481080608603 0.4840430291307832 0.08312758457513501 0.13157894736842107
0 0.17901052435102227 0.3882821010348584 0.0737422467263956 0.09191176470588235
0 0.2624012893406846 0.4360762186819172 0.05995864920744317 0.08210784313725486
0 0.47673623076039506 0.6707575912309368 0.07649896623018607 0.14705882352941183
0 0.5601269957500574 0.7760923032407407 0.11095796002756717 0.22315410539215685
0 0.6349030122903744 0.9482736757897604 0.12956581667815298 0.10160079656862749
0 0.79996159257983 0.8789240539117676 0.1467953135768435 0.2378490599324564
0 0.6180181053296577 0.5230860226034859 0.13163335630599585 0.19240196078431374
0 0.8258058379278658 0.49857621868191715 0.1157822191592005 0.17279411764705885
0 0.8102992907190443 0.6750468069172114 0.11922811853893868 0.14093137254901955
0 0.5949305794854124 0.3521301402505447 0.08821502412129571 0.15686274509803919
0 0.9574391942338618 0.6113213167211329 0.078566505858029 0.19975490196078433
0 0.4591621439237308 0.16769386574074074 0.07718814610613371 0.13848039215686272
1 0.6717741356535724 0.24551249319172117 0.10268780151619576 0.24019607843137253
0 0.72869102494577 0.578082750166619 0.11496746203904552 0.14781491002570693
1 0.24532153832248732 0.13399534656764733 0.09110629067245117 0.16966580976863752
1 0.29449001265365143 0.04918252523088641 0.10267534345625452 0.10021690231362468
0 0.39571922451193053 0.09929097638769875 0.07664497469269703 0.12596401028277635
0 0.4983945679681851 0.2753835213748453 0.1099060014461316 0.17737789203084833
0 0.5370785882140275 0.13078197895839283 0.07592190889370928 0.1683804627249357
0 0.5074328904555314 0.04404113705607921 0.09327548806941431 0.08993412596401028
0 0.7069990509761389 0.416791779729601 0.11062906724511935 0.16448425449871454
0 0.8986114877078815 0.5993110599352566 0.08459869848156186 0.20818605398457574
0 0.254475720767287 0.5911007284858387 0.09786354238456241 0.17647058823529416
1 0.33717730588100164 0.2295811206427015 0.12405237767057203 0.30637254901960786
0 0.4384867476453021 0.537791904956427 0.1019986216402481 0.1801470588235294
0 0.40299398403399955 0.41217915985838777 0.0640937284631289 0.1323529411764706
0 0.6349030122903745 0.7136497480936821 0.06616126809097173 0.15931372549019615
0 0.6941724816218702 0.8263948461328976 0.09097174362508617 0.1838235294117647
0 0.5194653830691478 0.42565955201525046 0.07374224672639566 0.13480392156862744
0 0.5136073541235929 0.5359536696623094 0.06478290833907649 0.125
0 0.5459988082931312 0.6186742578976034 0.08407994486560995 0.15073529411764702
0 0.938831337583276 0.8784207346132897 0.12129565816678156 0.24130667892156865
0 0.4457231363427522 0.372963473583878 0.06547208821502414 0.15441176470588236
