0 0.4630081238937067 0.938997103434638 0.07701711491442544 0.12015394127887223
0 0.7223805645955901 0.26334039500754053 0.05297471025462255 0.0905797212020211
0 0.08016882183908045 0.9591307529956428 0.13103448275862067 0.07988664215686281
0 0.601892959770115 0.9461482162309368 0.06689655172413798 0.09803921568627451
0 0.6463757183908045 0.5852413534858387 0.07172413793103445 0.10416666666666667
0 0.6425826149425288 0.22555998093681917 0.043448275862069015 0.06862745098039216
0 0.6191343390804598 0.06073154956427016 0.0462068965517241 0.08700980392156862
0 0.7022377873563217 0.19124625544662308 0.04137931034482764 0.07352941176470588
0 0.7705136494252874 0.25987370642701524 0.04827586206896548 0.06862745098039216
0 0.7501688218390804 0.1753148828976035 0.042068965517241354 0.0661764705882353
0 0.7139619252873562 0.12016782407407407 0.0537931034482759 0.07107843137254902
0 0.6722918926247289 0.31908532086070646 0.04555314533622561 0.07197943444730079
0 0.7095297812725957 0.3422215676473388 0.04627621113521331 0.06683804627249354
0 0.879811776934201 0.13013930543654192 0.052783803326102684 0.10025706940874037
0 0.9278956525668837 0.13463802008949824 0.06218365871294284 0.06555269922879177
0 0.9412723698481561 0.19697735170903552 0.06290672451193054 0.08997429305912598
0 0.9698334689081706 0.47846835427972967 0.05495300072306577 0.089974293059126
0 0.8299202368040491 0.5176714391126346 0.041214750542299325 0.06812339331619542
0 0.7879824204627619 0.2027614134056936 0.03687635574837304 0.07326478149100256
0 0.8046129338394794 0.1622729815290869 0.03543022415039765 0.07197943444730076
0 0.8270279736080982 0.10507503808435685 0.03543022415039765 0.09125964010282778
0 0.6509614515545915 0.1545608992668761 0.04627621113521331 0.061696658097686374
0 0.825220309110629 0.2464632128915548 0.04193781634128702 0.07069408740359899
0 0.9720026663051338 0.05173313577073218 0.04483007953723792 0.07969151670951158
0 0.9163265997830803 0.049162441683328575 0.060737527114967445 0.07197943444730077
0 0.7720749728850326 0.10957375273731314 0.055676066522053466 0.07969151670951156
0 0.6542152476500362 0.03311568718461392 0.04699927693420101 0.06808322622107969
