0 0.6369277388961228 0.7135752040275588 0.11687245310088734 0.20321635196083468
0 0.7692322907624422 0.8100663986354775 0.12880655924479167 0.21491228070175433
0 0.7665573685257523 0.5487360115869236 0.1127571765287423 0.1454677916409677
0 0.5988618827160493 0.5224202221132395 0.07530864197530865 0.1118421052631579
0 0.42663969816984953 0.6594816256220113 0.05102878146701387 0.06725150660464642
0 0.495158216688368 0.8444231683980187 0.0670781641830633 0.1359649122807018
0 0.5432246475054229 0.706617454536799 0.07953723788864782 0.1452442159383034
0 0.39101929681851044 0.7567459892411692 0.041214750542299325 0.1066838046272493
0 0.40873440889370927 0.6989053722745882 0.04338394793926247 0.08868894601542418
0 0.39174236261749823 0.5767974031229173 0.052783803326102684 0.07326478149100261
0 0.374750316341287 0.6134297938684184 0.041937816341287085 0.07455012853470433
0 0.3664350596529284 0.6552035727887271 0.042660882140274775 0.07069408740359896
0 0.3454661514822849 0.7034040869275444 0.058568329718004304 0.07969151670951152
0 0.32847410520607373 0.7843809506807579 0.041937816341287085 0.07712082262210798
0 0.3780041124367317 0.8955634699609635 0.04699927693420101 0.10925449871465295
0 0.4351263105567606 0.9424786370560793 0.042660882140274775 0.05655526992287921
0 0.3841501717281272 0.9817018054365421 0.05350686912509038 0.034744537275064304
0 0.6708457610267534 0.949568129343997 0.15979754157628345 0.09901188946015425
0 0.550816838394794 0.9810591319146911 0.054229934924078134 0.036029884318766026
0 0.10830056941431669 0.11664316147767304 0.05567606652205351 0.08868894601542417
0 0.5714242136659436 0.2220416190612206 0.033261026753434564 0.060411311053984576
0 0.5923931218365871 0.18862259592497382 0.04193781634128702 0.06298200514138817
0 0.5519014370932753 0.11921385556507663 0.023138105567606596 0.04755784061696657
0 0.8964422903109184 0.15391822574502526 0.03398409255242226 0.044987146529562975
0 0.8559506055676067 0.13399534656764733 0.044107013738250225 0.056555269922879174
0 0.8414892895878525 0.08065344425402267 0.044107013738250225 0.07069408740359898
0 0.7583367227042661 0.03823699181186328 0.02964569775849597 0.05012853470437019
0 0.9022268167028199 0.04532648409978101 0.03687635574837304 0.056595437017994854
0 0.9198788909947164 0.9801364208877995 0.1371467953135769 0.03787530637254901
