1 0.8295525536074713 0.30609402925303975 0.09453950243066167 0.18478264186693275
1 0.7888027449206017 0.11334037842190016 0.07986965039540041 0.15869565217391304
1 0.5328940493359057 0.28000707273130065 0.07334963325183376 0.12826090273649798
1 0.6437334827028258 0.6209491072453548 0.1116544168560895 0.11884055759595788
1 0.4024946764609439 0.5118911251737684 0.07823960880195599 0.11376807171365487
1 0.5486476409978307 0.16677169618204324 0.0961677512653651 0.12724935732647816
1 0.9405493040491685 0.29273570646481956 0.11785972523499642 0.21979434447300772
1 0.8740272505422993 0.083886895410835 0.14967462039045548 0.16962564267352184
0 0.8620966648590022 0.49967658050080926 0.09689081706435279 0.15809768637532132
0 0.51104821945047 0.48489508949823856 0.07013738250180766 0.1285347043701799
0 0.4506722252349964 0.6956920046653338 0.05495300072306583 0.0951156812339332
