0 0.4143121049378884 0.7379780816955076 0.08638959292386156 0.1543478260869566
0 0.2574253955893917 0.8122534882427223 0.06764467421254204 0.12318845002547558
0 0.5426740004361503 0.68942736811492 0.06112469437652817 0.11376813805621609
0 0.47299181153935543 0.6539200996239212 0.054604751848066964 0.11811596414317257
0 0.33715089479392624 0.7034040869275445 0.060737527114967445 0.1233933161953728
0 0.27099037418655103 0.7040467604493954 0.057122198120028916 0.09383033419023137
0 0.18422247830802604 0.8248693825573645 0.07013738250180766 0.14010282776349609
0 0.12312341829356471 0.7503192540226602 0.040491684743311634 0.0784061696658098
0 0.16108437274041937 0.7079028015805008 0.04410701373825017 0.07326478149100261
0 0.22399109725234997 0.6770544725316576 0.05567606652205352 0.09897172236503857
0 0.2825594269703543 0.6012189969532514 0.05856832971800436 0.09383033419023137
0 0.3483584146782357 0.5915788941254879 0.07592190889370934 0.10539845758354759
0 0.41632659978308023 0.5883655265162334 0.06146059291395514 0.11696658097686378
0 0.4882716467823571 0.5440210535085214 0.06507592190889368 0.09254498714652955
0 0.43584937635574833 0.49453519232600207 0.05567606652205352 0.07326478149100256
0 0.3628197306579899 0.4746123131486242 0.03976861894432394 0.08483290488431881
0 0.28942855206073753 0.16934239026944684 0.0477223427331887 0.09640102827763494
0 0.5645550885755604 0.4495480457964392 0.044107013738250225 0.06041131105398463
0 0.5891393257411425 0.3589310792154623 0.03832248734634855 0.06426735218509
