0 0.2239647759331597 0.37549039755183583 0.03744853455343365 0.06652042321991503
0 0.2628536648220486 0.4292184677272744 0.034567901234567905 0.07456140350877195
0 0.36285366482204856 0.2095547138831304 0.02304529260706018 0.035818735758463546
0 0.40133105619454085 0.4913529929594222 0.053909490137924364 0.07456140350877195
0 0.4811664345823688 0.6656950647603235 0.05473256052276234 0.08845031470583199
0 0.6887795907479743 0.8637944688109161 0.08065841109664346 0.1557017543859649
0 0.457709644458912 0.587844187567341 0.05637855058834873 0.09064329716197232
0 0.4227302080319251 0.2610898016024286 0.0349793987509645 0.07163740459241366
0 0.5363502900298645 0.6205124931917211 0.07029634734665749 0.11764705882352937
0 0.4522703451642545 0.5304389637799565 0.038594073053066856 0.06004901960784316
0 0.4984453968527453 0.5727183755446624 0.04135079255685733 0.061274509803921524
0 0.5070601453020906 0.3686742578976035 0.05031013094417644 0.11887254901960784
