0 0.2600741385636334 0.5771085164781162 0.08679706601466991 0.139855028235394
0 0.18081577241955102 0.4977606903911597 0.0692746784984337 0.11884062393851899
0 0.2521279282946847 0.32638385668276976 0.1051344743276284 0.16304347826086957
0 0.20485815842557747 0.903920132795202 0.09861449449161445 0.11086956521739143
0 0.04647844360086768 0.6609876344853851 0.09399855386840203 0.13110539845758354
0 0.04214004880694143 0.5607305650766448 0.08532176428054952 0.14395886889460158
0 0.03888625271149675 0.4534040869275445 0.07736804049168475 0.14781491002570699
0 0.1390308658712943 0.4257691254879558 0.06941431670281993 0.14138817480719792
0 0.29810534164859004 0.7213989455393698 0.06941431670281997 0.11568123393316196
0 0.379811776934201 0.5755120560792155 0.07519884309472165 0.13239074550128535
0 0.33245096710050615 0.7773115419403979 0.060014461315979754 0.10154241645244211
0 0.3505276120751989 0.28309560363705605 0.07158351409978306 0.11311053984575836
