0 0.11969107804302288 0.6836302556085512 0.09290953545232276 0.1543478260869566
0 0.2368467360467763 0.5687751942018765 0.055827208428044776 0.08985509457795521
0 0.3252738063473379 0.6955867773476815 0.0493072658995836 0.09275366741677987
0 0.20567314191474698 0.7024708463757895 0.05704970231557533 0.1253622967263927
0 0.29557461135213303 0.5941495882128915 0.052783803326102684 0.13110539845758354
0 0.25616752530730297 0.4617588427116062 0.06362979031091831 0.11825192802056556
0 0.19145313629790314 0.3775686113491383 0.05133767172812726 0.08354755784061695
0 0.19434539949385393 0.4681855779301152 0.04699927693420101 0.10282776349614393
0 0.17518415582067967 0.5774400766447682 0.06362979031091828 0.11825192802056551
0 0.03165559472161966 0.681553187184614 0.064352856109906 0.14652956298200512
0 0.04250158170643529 0.9283599031229173 0.08170643528561099 0.1414283419023137
0 0.3418508224873464 0.11600048795582216 0.04699927693420101 0.05912596401028279
0 0.283282492769342 0.04659174759592497 0.03398409255242226 0.06426735218508997
0 0.3469122830802603 0.05687452394553937 0.032537960954446866 0.05398457583547557
0 0.6957915310918293 0.19569200466533374 0.05350686912509038 0.08997429305912595
0 0.9025883496023138 0.11278712034656764 0.08532176428054955 0.08354755784061695
0 0.9011422180043385 0.18348120775016663 0.08821402747650034 0.09125964010282775
0 0.8273895065075921 0.1494195110920689 0.06796818510484452 0.09768637532133677
0 0.7760518347794648 0.19954804579643914 0.06218365871294284 0.0976863753213368
0 0.7348370842371655 0.2606020303722746 0.05495300072306577 0.10925449871465298
0 0.9300648499638468 0.6327099995239455 0.06362979031091835 0.13110539845758354
0 0.8718580531453363 0.7246123131486242 0.07447577729573389 0.1066838046272493
0 0.8512506778741865 0.5915788941254879 0.07809110629067248 0.11053984575835477
0 0.7601443872017354 0.6918359635342284 0.06796818510484452 0.12853470437018
0 0.7518291305133767 0.8390082000380843 0.099060014461316 0.12982005141388173
0 0.7670135122921186 0.9707763555650767 0.09182935647143893 0.056595437017994896
0 0.6748226229211859 0.9392853529943826 0.08387563268257417 0.11957744215938312
0 0.6368616684743311 0.8704992026087784 0.06869125090383221 0.13110539845758354
0 0.5840778651482286 0.948925455822146 0.05422993492407807 0.10029723650385608
0 0.5569628976861893 0.9000621846139197 0.05206073752711493 0.10539845758354748
0 0.5569628976861895 0.7483912334571076 0.05495300072306583 0.10025706940874039
0 0.5891393257411425 0.7940210535085214 0.06435285610990604 0.1066838046272493
0 0.5902239244396239 0.6597022874416832 0.04916847433116409 0.11311053984575832
