0 0.5282078103311877 0.8126157849691148 0.08272211126126988 0.16159429135529896
0 0.9053471373268134 0.6303693860433336 0.10757946210268952 0.16086956521739132
0 0.674499566436494 0.5263838898540504 0.05827215889555314 0.094927514117697
0 0.5746625780573491 0.5676882376801373 0.06397715524239764 0.08333335544752038
0 0.5467489551895501 0.6680505675778107 0.07171959165838934 0.10869565217391308
0 0.36867232070089645 0.702470813204509 0.061124694376528114 0.11086956521739132
0 0.27739278953446544 0.9097172784728513 0.08149961737373931 0.13260869565217384
0 0.4442632051823872 0.6010215599563771 0.06397715524239764 0.10652173913043483
0 0.24744168928996663 0.734354882232617 0.06642214301745873 0.11376813805621609
0 0.35053868624089496 0.8481230534601135 0.05175229098219744 0.0949275804602581
0 0.36255986991702005 0.5771085164781162 0.06275469866241974 0.10217391304347824
0 0.31203012878368225 0.6694998208259424 0.04645476772616135 0.08260869565217396
