0 0.5606038983507475 0.3818186392914654 0.0651996491299282 0.1
0 0.554695165458499 0.25609402925303976 0.0721271393643032 0.13260872882345445
0 0.17694453555777878 0.6292824295215945 0.09331704585068384 0.139855028235394
0 0.17959327853202045 0.47529690016103066 0.08231456355535605 0.13043478260869568
0 0.31467885310414756 0.5687751610305959 0.07294216016102541 0.10434782608695649
0 0.4856242608130221 0.28834041159318075 0.05867970660146699 0.1159420510996943
0 0.3475150040202159 0.4857085716230937 0.07167470709855271 0.08578431372549018
0 0.2524081811394441 0.4213703363289761 0.06753962784286696 0.10416666666666673
0 0.272738987479899 0.48999778730936816 0.0640937284631289 0.11887254901960784
0 0.20244264013324145 0.3533556304466231 0.08890420399724329 0.10049019607843135
0 0.16867282621180796 0.4036007284858388 0.0737422467263956 0.07352941176470591
0 0.08803878072593614 0.5408556304466231 0.08063404548587183 0.13235294117647065
0 0.6366259619802436 0.31230170887799563 0.07098552722260507 0.13848039215686275
