0 0.4595443787765192 0.25899255233494367 0.06764463690498931 0.13260869565217395
0 0.5602166937816341 0.3525043439969533 0.06290672451193059 0.12339331619537275
0 0.5052636930585683 0.43283853422831575 0.07013738250180766 0.09897172236503857
0 0.42283419197396954 0.46818557793011517 0.049891540130151846 0.08997429305912595
0 0.38161944143167026 0.5922215676473388 0.06290672451193059 0.12467866323907452
0 0.46838733731019516 0.5748693825573645 0.07447577729573389 0.14138817480719792
0 0.5490091738973246 0.5510904622488814 0.07086044830079541 0.12210796915167098
0 0.5218942064352856 0.6738411049224031 0.07736804049168473 0.1233933161953728
0 0.5884162599421549 0.6597022874416832 0.0730296456977585 0.11825192802056561
0 0.644453859363702 0.553018482814434 0.08387563268257417 0.10796915167095113
0 0.7127835773680404 0.6372087141769018 0.07736804049168479 0.13753213367609254
0 0.6556613792480115 0.6899079429686756 0.06579898770788144 0.12982005141388173
0 0.5786548716558209 0.7843809506807579 0.08387563268257417 0.15424164524421596
