0 0.3452412002924117 0.37819547299985534 0.04930722859203088 0.08260869565217391
0 0.4369282418572038 0.3745722735369647 0.041157319085230765 0.08985509457795515
0 0.3917423626174982 0.3653578144339712 0.041214750542299325 0.09511568123393314
0 0.39174236261749823 0.30301848281443394 0.0368763557483731 0.060411311053984576
0 0.3461892172812726 0.2972344211177759 0.03398409255242226 0.05141388174807197
0 0.0949238521330441 0.2464632128915548 0.0636297903109183 0.10668380462724933
0 0.634330938177874 0.46111616918975534 0.04916847433116409 0.11182519280205659
0 0.6021545101229211 0.5035326216319146 0.03976861894432394 0.1041131105398457
0 0.6234849511930585 0.604432364562506 0.05639913232104116 0.089974293059126
0 0.6455384580621837 0.5510904622488814 0.052783803326102684 0.0784061696658098
