0 0.7610928959057598 0.8821810023604193 0.05052972247956144 0.10652173913043483
0 0.7775965633874224 0.7521085164781163 0.0468622408169697 0.07826086956521737
0 0.7785970164254539 0.13460563044662308 0.08614748449345283 0.17524509803921567
0 0.8519946732138756 0.8723507284858388 0.04686423156443832 0.10906862745098037
0 0.8468258241442683 0.9623668130446624 0.058580289455547906 0.07341452205882351
0 0.8709471198024351 0.8288458265250545 0.04479669193659544 0.0759803921568627
0 0.8936900557087066 0.7473507284858388 0.025499655410062043 0.05759803921568631
0 0.918500531242821 0.8055615127995642 0.028256374913852512 0.04166666666666667
0 0.9340070784516427 0.9029879833877995 0.03170227429359068 0.06495098039215684
0 0.9825942597059499 0.4795811206427016 0.033769813921433446 0.11274509803921573
0 0.9433110067769356 0.4814193559368191 0.058580289455547906 0.12132352941176473
0 0.8681904002986447 0.6382821010348584 0.0599586492074432 0.07230392156862749
0 0.8709471198024352 0.7473507284858388 0.024121295658166748 0.04534313725490199
