0 0.3440187064048811 0.791238951260725 0.05175221636709199 0.12318845002547558
0 0.3413699820844158 0.4658766545343323 0.06519972374503365 0.13043478260869568
0 0.24744168928996665 0.49305053440653 0.06153216746733647 0.11376813805621604
0 0.11378234515077425 0.5937751942018765 0.09168704156479217 0.1297101228133492
0 0.0958524472361769 0.24667373386942054 0.10880195599022005 0.1847826086956522
1 0.5129266367370556 0.6919635778847909 0.057049739623128023 0.12318838368291446
1 0.4880692485880832 0.8318187056340266 0.061124694376528114 0.12318845002547558
0 0.08301626141710601 0.43507950885668284 0.11572944622459506 0.16304347826086957
0 0.6213210823289146 0.2513838898540503 0.07171959165838934 0.14202900762143342
0 0.19283695609567608 0.2887027249052137 0.05827219620310589 0.10652177230171539
0 0.2229064985538684 0.38206732600209464 0.07664497469269703 0.12082262210796915
0 0.3270279736080983 0.3640724673902695 0.05350686912509038 0.10796915167095118
0 0.3255818420101229 0.1924786370560792 0.0477223427331887 0.10668380462724936
0 0.27605183477946493 0.15970228744168333 0.05422993492407807 0.10539845758354754
0 0.2605059201012292 0.05173313577073218 0.07086044830079538 0.10025706940874037
1 0.5041790943600868 0.5163860920689327 0.060737527114967445 0.08097686375321335
1 0.5146635484454085 0.41677169618204324 0.04844540853217646 0.10796915167095118
0 0.5623858911785973 0.8390082000380843 0.06146059291395514 0.14267352185089974
1 0.5320171276211135 0.968848334999524 0.051337671728127296 0.06045147814910026
0 0.028040265726681127 0.6828385342283156 0.05712219812002892 0.14652956298200512
0 0.3042514009399855 0.5716560149481099 0.052783803326102684 0.09640102827763491
1 0.5265941341287057 0.24774855993525657 0.06362979031091828 0.09383033419023135
0 0.5996237798264642 0.14813416404836713 0.05350686912509038 0.09511568123393314
0 0.6133620300072307 0.04018509592497382 0.06362979031091835 0.08222204370179949
0 0.6762687545191611 0.8621444468247167 0.0694143167028199 0.11953727506426733
