0 0.6027713728539738 0.22746406503123381 0.04855972101658956 0.09502922861199632
0 0.7122363808714314 0.15801962616383217 0.05761319384162805 0.10964912280701752
0 0.19947916666666665 0.8064423338779956 0.051034482758620686 0.09558823529411767
0 0.10292744252873565 0.20840311819172117 0.04551724137931035 0.056372549019607865
0 0.19154813218390804 0.09504527505446624 0.0310344827586207 0.047794117647058834
0 0.294996408045977 0.3628148828976035 0.025517241379310343 0.04411764705882351
0 0.34844468390804595 0.0349962554466231 0.02482758620689657 0.047794117647058834
0 0.5539619252873562 0.20166292211328976 0.03862068965517243 0.09191176470588235
0 0.5874102011494252 0.14774135348583878 0.0324137931034483 0.08455882352941177
0 0.6222377873563218 0.3119570397603486 0.04551724137931039 0.07720588235294118
0 0.6715481321839081 0.10117272603485838 0.042068965517241354 0.0821078431372549
0 0.7070653735632183 0.04185134123093682 0.042758620689655184 0.08555453431372549
0 0.6205136494252874 0.03143467456427015 0.04758620689655177 0.06472120098039215
0 0.29810534164859004 0.13913673474245453 0.028922631959508335 0.04884318766066837
