0 0.2859502467471794 0.6434128643042033 0.06927467849843368 0.1202898108440897
0 0.20628438885851225 0.7405143246366591 0.09331704585068383 0.14927534020465358
0 0.4750292889160555 0.4223983604934865 0.061124694376528114 0.12318838368291446
0 0.2261602946493131 0.5845094853851279 0.06869125090383224 0.11182519280205659
0 0.31545892082429494 0.8968488170046655 0.0954446854663774 0.15809768637532143
0 0.19289926789587852 0.9707763555650767 0.07592190889370931 0.056595437017994896
0 0.13143867498192335 0.6629156550509379 0.09906001446131599 0.1066838046272493
0 0.035993989515545916 0.7914503594211177 0.060014461315979754 0.15038560411311058
0 0.26086745300072306 0.28309560363705605 0.038322487346348515 0.06683804627249354
0 0.29015161785972526 0.3357948324288299 0.03759942154736079 0.06169665809768635
0 0.32775103940708605 0.36857118204322575 0.031814895155459176 0.060411311053984576
0 0.3111205260303687 0.30558917690183757 0.033261026753434564 0.07069408740359896
0 0.2843670914678235 0.07101334142625916 0.033261026753434564 0.05912596401028277
0 0.08733166124367318 0.33772285299438254 0.05422993492407809 0.11439588688946013
0 0.23122175524222705 0.04080768589926688 0.02241503976861896 0.06812339331619538
0 0.18458401120751985 0.14556346996096356 0.03181489515545914 0.0488431876606684
