0 0.6492347051967133 0.1343548822326169 0.06642214301745876 0.12101447063943614
0 0.6810195462725079 0.5097172121302902 0.05338225796053635 0.08043478260869566
0 0.49621923270998886 0.5807317159410068 0.061124694376528114 0.1094203119692595
0 0.7055529193781633 0.9540668439969533 0.07447577729573389 0.0900144601542417
0 0.9636874096167751 0.9656349673902694 0.07158351409978311 0.06687821336760928
0 0.9734487979031091 0.14106475530800722 0.052060737527114986 0.16838046272493573
0 0.8714965202458423 0.2683141126344854 0.05639913232104116 0.10154241645244219
0 0.8516122107736804 0.4649722103208608 0.06435285610990604 0.13496143958868895
0 0.7937669468546638 0.5163860920689327 0.04989154013015178 0.10154241645244222
0 0.4419954356471439 0.5523758092925831 0.05350686912509038 0.09383033419023137
