0 0.5699763390526309 0.648123020288833 0.06275473596997247 0.12101447063943611
0 0.431019546272508 0.5687751942018764 0.03748983742263909 0.06666664455247963
0 0.3619486229732548 0.5133403784219003 0.03708232702427795 0.05869565217391308
0 0.39029623101952277 0.5613732385984955 0.041214750542299325 0.07069408740359896
0 0.36751965835140993 0.968848334999524 0.0838756326825741 0.06045147814910026
0 0.2948515455531453 0.9534241704751023 0.07736804049168473 0.09129980719794352
0 0.8982499548083875 0.4257691254879558 0.13304410701373826 0.30591259640102825
0 0.9683873373101953 0.7303963748452823 0.06218365871294284 0.27249357326478146
0 0.7051913864786695 0.5240981743311436 0.05639913232104116 0.06812339331619542
0 0.3613735990600144 0.277311541940398 0.03109182935647142 0.07069408740359896
0 0.2973822758496023 0.28566629772445973 0.033261026753434564 0.06169665809768635
0 0.2753287689804772 0.38977940826430546 0.03109182935647142 0.09511568123393314
0 0.19796072848879248 0.6513475316576216 0.06435285610990599 0.10925449871465295
0 0.40692674439624005 0.49967658050080926 0.042660882140274775 0.08097686375321335
