0 0.5793487797545145 0.5300070561456605 0.057049739623128086 0.07318838368291436
0 0.6345647785463465 0.1818186392914654 0.06886713079251988 0.1391304347826087
0 0.9031059234047092 0.40319547299985536 0.1862266186105593 0.368840623938519
0 0.7429592241382056 0.28363025560855104 0.1291768043723258 0.3195652173913044
0 0.6426461948662328 0.603789691040655 0.06724511930585682 0.09897172236503857
0 0.641923129067245 0.4707562720175188 0.051337671728127296 0.089974293059126
0 0.6028775759219089 0.41291565505093786 0.05712219812002897 0.08483290488431876
0 0.5804625361532899 0.3653578144339712 0.03832248734634855 0.09254498714652955
0 0.6140850958062183 0.30494650337998663 0.04193781634128702 0.08483290488431876
0 0.5540706344902386 0.27666886841854704 0.046276211135213255 0.07969151670951158
0 0.5450323120028923 0.34929097638769874 0.03253796095444681 0.060411311053984576
0 0.5237018709327549 0.5311675830715034 0.06652205350686918 0.1336760925449872
0 0.47561799530007226 0.5228128272874417 0.03832248734634849 0.08097686375321335
0 0.45320295553145334 0.5530184828144341 0.0368763557483731 0.0616966580976864
