0 0.7457755006389852 0.5282681530214426 0.14115223825713735 0.18640350877192985
0 0.5941293975453318 0.4993939063237656 0.09547330126350305 0.14327480918482732
0 0.6870653735632184 0.8750697848583878 0.19310344827586204 0.22058823529411756
0 0.8687895114942529 0.7200452750544661 0.1248275862068965 0.2144607843137255
0 0.9643067528735633 0.7341384123093682 0.060689655172413856 0.23039215686274514
0 0.4674102011494253 0.44798645152505445 0.08068965517241378 0.10661764705882357
0 0.6763757183908046 0.6459031181917211 0.09862068965517246 0.13970588235294118
0 0.7301688218390805 0.7476188044662309 0.11379310344827592 0.12745098039215685
0 0.6115543655097613 0.4154863491383414 0.0976138828633406 0.13367609254498714
0 0.5609397595806218 0.40006218461391985 0.08026030368763556 0.08740359897172235
0 0.2970207429501085 0.2246123131486242 0.042660882140274775 0.10154241645244219
0 0.3364278289949386 0.21111616918975531 0.05495300072306583 0.10539845758354759
0 0.45826441612436736 0.36664316147767306 0.057122198120028916 0.07969151670951158
0 0.2095297812725958 0.40970228744168335 0.10773680404916845 0.1401028277634962
0 0.30316680224150394 0.42127041083499955 0.08821402747650034 0.12467866323907457
1 0.8143743221258134 0.2766688684185471 0.0983369486623283 0.15681233933161953
1 0.15799053813461983 0.6609536696623093 0.25361819434872507 0.26715686274509803
1 0.038417829657707334 0.9237638718681918 0.07787732598208133 0.1506204044117647
