0 0.6241705623673804 0.7943500801368997 0.13991767035590275 0.26973690902977654
0 0.7961869981553819 0.5560459419533058 0.14485594196084103 0.19809943751284945
0 0.5986561716338734 0.49756639863547764 0.0938271604938271 0.13377192982456146
0 0.5128537024980709 0.7537798712360463 0.07777777777777774 0.20321641888534808
0 0.7789440979754158 0.8910848388555651 0.14316702819956623 0.21597847043701804
0 0.4694719360086767 0.9135784121203465 0.0838756326825741 0.17099132390745503
0 0.37005038864786693 0.8955634699609635 0.041214750542299325 0.134961439588689
0 0.4062036785972523 0.6571315933542796 0.057122198120028916 0.11311053984575832
0 0.38993469812002896 0.7124015162334572 0.04338394793926247 0.06940874035989714
0 0.37402725054229935 0.7728128272874417 0.05350686912509038 0.09511568123393309
0 0.3855963033261027 0.5504477887270304 0.05639913232104122 0.08740359897172235
0 0.35739673716558207 0.6307819789583928 0.0477223427331887 0.09383033419023137
0 0.33389709869848155 0.6950493311434828 0.04555314533622561 0.08868894601542418
0 0.32052038141720895 0.765100745025231 0.04627621113521331 0.09254498714652955
0 0.07793180585683297 0.07229868846996096 0.05422993492407808 0.09511568123393316
0 0.5782933387563268 0.13206732600209467 0.03832248734634855 0.07583547557840618
0 0.6064929049168474 0.07679740312291726 0.03832248734634855 0.09640102827763496
0 0.558047496384671 0.018334196182043225 0.0253073029645698 0.038520244215938304
0 0.956818284526392 0.022832910834999526 0.03759942154736085 0.0475176735218509
0 0.9098190075921908 0.013835481529086927 0.040491684743311634 0.02952281491002571
