1 0.4151271257346106 0.23761575179783426 0.07171966627349478 0.13768118153447692
1 0.5188353323217515 0.1839925523349437 0.06886713079251981 0.13478260869565223
1 0.23073426660912352 0.47529693333231127 0.07864711920031707 0.09710142716117529
1 0.33790623696722827 0.2267462031660833 0.06886713079251988 0.13913046795388928
1 0.6101149007957354 0.18544183875435602 0.07049717238596429 0.12318838368291439
0 0.35461364099429504 0.7024708463757895 0.12347188264058678 0.19202900762143346
0 0.39964219694129804 0.5263838898540504 0.0757946583344476 0.09927534020465359
0 0.49479296496950137 0.46334037842190023 0.06397722985750308 0.11086956521739127
0 0.24744168928996665 0.905007089316941 0.06153216746733647 0.15652173913043474
0 0.4571798174258857 0.5639439326858993 0.07519884309472158 0.12724935732647816
0 0.6104697668112798 0.5485197681614777 0.07519884309472158 0.09640102827763491
0 0.7803902295733913 0.7593166833285728 0.08532176428054955 0.18123393316195374
0 0.8584813358640636 0.8017331357707321 0.052060737527114986 0.07583547557840616
0 0.9842947848879248 0.5189567861563363 0.030368763557483785 0.15295629820051412
0 0.5985391811279825 0.05496658692754451 0.07447577729573389 0.11178502570694088
1 0.6643381688358639 0.08322413834142625 0.04699927693420101 0.08868894601542415
0 0.48393325198843096 0.348005629343997 0.05639913232104122 0.08868894601542418
0 0.3816194414316703 0.3743552437398838 0.060014461315979754 0.10282776349614393
