0 0.9018834295171787 0.3829055958132046 0.10391198044009779 0.15869565217391307
0 0.2295117913753693 0.4220360637670938 0.05745721271393644 0.10362316629161007
0 0.9232770725489634 0.16189110858812808 0.11735941320293398 0.17028984401537023
0 0.7402600777295734 0.28566629772445973 0.06869125090383221 0.12082262210796918
0 0.9033114154013016 0.5530184828144341 0.10122921185827909 0.11568123393316196
0 0.9846563177874186 0.4534040869275445 0.02964569775849597 0.12724935732647816
0 0.9839332519884308 0.28245293011520517 0.03109182935647148 0.09640102827763494
0 0.2724365057845264 0.3300107707321718 0.04555314533622561 0.08868894601542418
0 0.22146036695589297 0.2252549866704751 0.06652205350686913 0.13881748071979433
0 0.1607228398409255 0.283738277158907 0.0477223427331887 0.09383033419023137
0 0.10251604302241504 0.27281282728744166 0.05133767172812725 0.09511568123393317
0 0.14156159616775127 0.17898249309721032 0.05567606652205351 0.08483290488431876
