0 0.3179388430221545 0.7383403784219003 0.08761204950383938 0.1347826086956522
0 0.14169596801857298 0.7807317491122875 0.10268948655256722 0.12971018915591032
0 0.4674905890454679 0.6542824295215944 0.07049717238596423 0.14202894127887233
0 0.3260888084902837 0.594862117552335 0.07457212713936431 0.10869565217391308
0 0.18611323971425797 0.5071809691891387 0.07171962896594207 0.09420292066491164
0 0.3458524472361769 0.4789200996239213 0.07986957578029497 0.1275362097698709
0 0.10836958706639101 0.93295504833878 0.1323225361819435 0.1322380514705883
0 0.056681096370319324 0.7007821010348583 0.09648518263266713 0.16789215686274503
0 0.09768729898920285 0.5702673951525055 0.09441764300482426 0.08578431372549018
0 0.18417937342062948 0.6149977873093682 0.09648518263266714 0.13357843137254902
0 0.23000983517114637 0.6750468069172114 0.07787732598208133 0.12377450980392153
0 0.25895538996094647 0.5390173951525055 0.07925568573397657 0.10171568627450983
0 0.24517179244199405 0.46119876770152507 0.06822880771881464 0.07107843137254906
0 0.40575070353779 0.6051938657407407 0.06133700895933837 0.116421568627451
0 0.4315949488858259 0.5518850422113291 0.05375603032391455 0.07352941176470586
0 0.5056817855501953 0.5721056304466231 0.06409372846312884 0.1482843137254902
0 0.6721187255915462 0.38705661083877996 0.057891109579600315 0.10661764705882351
0 0.9657093527452332 0.7265173951525055 0.06753962784286702 0.153186274509804
0 0.7182937772800367 0.40482621868191726 0.055134390075809725 0.07843137254901959
0 0.9567500143579141 0.3024977873093682 0.055134390075809725 0.08210784313725492
0 0.4219464306225592 0.4520075912309368 0.06753962784286702 0.08700980392156861
0 0.3571635222834827 0.2786007284858388 0.05375603032391455 0.09068627450980392
0 0.27997537617734897 0.39624778730936816 0.056512749827705024 0.07352941176470586
0 0.34234615495060877 0.35948308142701524 0.05031013094417644 0.06372549019607843
0 0.41333168217321387 0.2651203363289761 0.04479669193659544 0.1127450980392157
0 0.5435866787273145 0.4948997480936819 0.06133700895933837 0.10416666666666667
