0 0.4381623444733796 0.744276924951267 0.10370370370370369 0.18859649122807012
0 0.3723186916775173 0.5878442210295977 0.09547326358748069 0.1622807017543859
0 0.23637571839080457 0.37629527505446625 0.09999999999999996 0.1519607843137255
0 0.32361709770114944 0.41918743191721136 0.04827586206896554 0.071078431372549
0 0.7177550287356322 0.6808295887799565 0.07517241379310349 0.12377450980392153
0 0.628444683908046 0.5876923338779957 0.07172413793103445 0.12377450980392153
1 0.49947916666666664 0.26293743191721136 0.09379310344827588 0.20220588235294118
1 0.3353412356321839 0.09933449074074074 0.08827586206896551 0.1593137254901961
0 0.67465158045977 0.35239821623093676 0.08413793103448271 0.1409313725490196
1 0.8339619252873564 0.22801096132897605 0.12689655172413788 0.3137254901960784
0 0.7522377873563219 0.8867119417211329 0.07517241379310349 0.1115196078431372
0 0.814996408045977 0.6177168436819173 0.08758620689655175 0.12009803921568632
0 0.8167205459770115 0.4767854711328976 0.07724137931034486 0.1225490196078431
0 0.6512033045977011 0.16122174564270153 0.06758620689655169 0.13848039215686275
0 0.6756860632183909 0.9216384123093682 0.06137931034482757 0.14705882352941183
0 0.5105136494252873 0.8168590005446622 0.04551724137931033 0.08210784313725486
0 0.706637518076645 0.51445807150338 0.12436731742588579 0.16452442159383032
0 0.8223280459146783 0.7657434185470817 0.11279826464208244 0.14267352185089974
0 0.575401075560376 0.44762002523088645 0.06146059291395514 0.14910025706940877
0 0.6242080169920463 0.28373827715890704 0.05784526391901667 0.12467866323907457
0 0.6299925433839478 0.7528899481100638 0.08387563268257417 0.17095115681233936
0 0.7232680314533622 0.20340408692754453 0.08532176428054955 0.14652956298200515
0 0.36751965835140993 0.4341238812720175 0.05350686912509038 0.10154241645244211
0 0.4391759275212498 0.5163458265250545 0.1019986216402481 0.142156862745098
0 0.4078182431656329 0.4636497480936819 0.059958649207443135 0.1053921568627451
1 0.9374529778313807 0.7148752382897604 0.12405237767057203 0.29411764705882354
0 0.947790675970595 0.5047036696623093 0.10337698139214334 0.1580882352941176
0 0.7596445698368941 0.9727834797113291 0.09235010337698135 0.05258118872549018
