0 0.8267000554340491 0.4245722735369647 0.13691931540342306 0.2318840358568275
0 0.5479714490770807 0.9013838898540504 0.10920950369613387 0.16376813805621598
0 0.5966674680328993 0.4778331762734627 0.06805218461090318 0.10652173913043478
0 0.5435861804049168 0.6532755522231743 0.05856832971800436 0.10025706940874039
0 0.5739549439624005 0.5722986884699609 0.06435285610990604 0.08483290488431881
0 0.49911763376717283 0.5073886627630201 0.060737527114967445 0.12210796915167092
0 0.5439477133044107 0.43990794296867564 0.036153289949385346 0.08483290488431876
0 0.5092405549530007 0.4193423902694468 0.05350686912509032 0.09511568123393314
0 0.41018054049168473 0.37821128487098926 0.0477223427331887 0.10796915167095118
0 0.18566860990600145 0.38206732600209464 0.06146059291395517 0.09768637532133674
