0 0.7116190969208139 0.07358980160242866 0.09423865801022373 0.14108189365320037
0 0.6867219901379243 0.3729319068655865 0.07901234567901234 0.12865494845206274
0 0.5186150068118248 0.6298763624641165 0.08189297899787805 0.12646203292043587
0 0.662442167305652 0.7599933438366152 0.06584359628182869 0.13377192982456146
0 0.5134709487726659 0.8005634858129549 0.06584359628182875 0.12426898353978202
0 0.4743763111255787 0.9233705368190713 0.07901234567901234 0.1315789473684211
0 0.5980388876832561 0.78959860699451 0.06049382716049377 0.11257318864788927
0 0.5844586030936535 0.6883559057819447 0.07119344075520834 0.09576021160995747
0 0.8519483401451581 0.2008948713347834 0.10576134198977614 0.14715399911383228
0 0.7363104549455053 0.23842899404306395 0.10329220618730706 0.1505848399379797
0 0.7739647759331596 0.5498325028149937 0.052674922236689764 0.09064323023745892
0 0.8445409327377507 0.5545839424951268 0.09917692961516203 0.13377192982456146
0 0.7258166277850115 0.4566307484290288 0.06584359628182869 0.1045322083590323
0 0.5807548993899498 0.9032681864836992 0.11152260862750775 0.1761696129514459
0 0.9219071753231096 0.3645254852711341 0.06049382716049377 0.10745614035087717
0 0.7807549370659721 0.3564845719067906 0.08765432098765433 0.13815789473684206
0 0.8774627308786651 0.054789534600389864 0.09835385923032405 0.11143092105263157
0 0.923377238292011 0.4934131193617117 0.07093663911845725 0.11138310893512854
0 0.8527849517906337 0.45179745228704843 0.06611570247933886 0.09669522643818854
0 0.9436940426997246 0.24188313160161387 0.06749311294765843 0.12239902080783352
0 0.785636191460055 0.10051226256856612 0.07782369146005515 0.12362301101591187
0 0.8028538223140496 0.033804796228296845 0.08057851239669418 0.06609547123623011
0 0.8586389462809918 0.344698309080194 0.08057851239669418 0.11750305997552017
0 0.9474819214876032 0.1158121401695453 0.07506887052341599 0.11505507955936352
0 0.7883910123966943 0.46648533478398835 0.04752066115702481 0.06242350061199507
0 0.9726011515047096 0.4428164147603486 0.04824259131633361 0.1764705882352941
