0 0.1302860312862132 0.3437751942018764 0.09861449449161447 0.17028987718665087
0 0.13171226171914796 0.14848531701522558 0.09576203362574497 0.144927514117697
0 0.365819859835027 0.540514324636659 0.061124694376528114 0.12318838368291436
0 0.7044506666809928 0.9321810023604193 0.05460467723296152 0.09202907396399466
0 0.522299077438939 0.7934128974754839 0.03585987044430011 0.10434789242951771
0 0.6505999186550977 0.9643496203465677 0.06435285610990604 0.06944890745501292
0 0.5768472071583515 0.9746323966961821 0.05712219812002897 0.04888335475578406
0 0.03382479211858279 0.052395892840140915 0.06869125090383224 0.10664363753213368
0 0.9597105477223428 0.09029354708178614 0.07953723788864787 0.1748071979434447
0 0.8573967371655821 0.03054499309721032 0.1193058568329718 0.06294183804627249
