0 0.8281263231745366 0.5332679257108778 0.08679706601466997 0.14637683370839
0 0.9024946764609438 0.3912389512607249 0.10757946210268952 0.13768111519191575
0 0.7908402222973017 0.7807317159410069 0.08394460514880049 0.1485507467518682
0 0.1349722516371549 0.8423259077824642 0.10228201346175886 0.14420285432235058
0 0.6433259723044648 0.3086302390229107 0.05460467723296152 0.0898550614066746
0 0.7435704710819708 0.2966737338694206 0.052974784869727995 0.09492758046025816
0 0.8933259723044648 0.20319547299985535 0.09983695107159225 0.1775362761124321
0 0.2489368673174259 0.9251465355136629 0.11279826464208244 0.14785507712082263
0 0.12384648409255242 0.9604935792154623 0.12292118582791031 0.07716098971722365
0 0.12601568148951556 0.6969773517090354 0.12581344902386118 0.17223650385604117
0 0.9723641992046276 0.6725557578787013 0.05422993492407807 0.19280205655526994
0 0.973810330802603 0.4534040869275445 0.051337671728127296 0.15552699228791772
0 0.9662181399132321 0.2740981743311435 0.06652205350686913 0.08997429305912595
0 0.9842947848879248 0.15584624631057795 0.030368763557483785 0.09254498714652956
0 0.8078667299349241 0.30494650337998663 0.060737527114967445 0.09768637532133674
0 0.8064205983369487 0.21175884271160622 0.05639913232104116 0.11182519280205655
0 0.7655673806941432 0.1699850637912977 0.07158351409978311 0.11568123393316194
0 0.8816194414316704 0.07551205607921546 0.08966015907447585 0.11439588688946016
0 0.8404046908893709 0.06394393268589926 0.06652205350686913 0.12210796915167095
0 0.97164113340564 0.04723442111777587 0.055676066522053466 0.08611825192802056
0 0.5544321673897324 0.43155318718461394 0.036876355748373155 0.06298200514138817
0 0.5942007863340564 0.3704992026087784 0.044107013738250225 0.07455012853470439
0 0.500925298264642 0.49453519232600207 0.03398409255242226 0.06555269922879182
0 0.5240634038322488 0.4161290226601923 0.03109182935647142 0.07583547557840616
0 0.5627474240780911 0.3557177116062077 0.031814895155459176 0.06812339331619537
0 0.5960084508315258 0.30815987098924114 0.033261026753434564 0.07583547557840616
0 0.5150250813449023 0.3679285085213748 0.04193781634128702 0.08740359897172235
0 0.602516043022415 0.251604601066362 0.04338394793926253 0.06298200514138814
