0 0.06916133690968508 0.28834037842190025 0.11165445416364227 0.191304347826087
0 0.3285337776115685 0.4952244474500082 0.06397719254995037 0.11811596414317252
0 0.6275537556493745 0.30029690016103056 0.08044418881140286 0.1543478260869565
0 0.08505373879380604 0.6470360637670939 0.11980440097799512 0.12753620976987096
0 0.19079947871897604 0.4339925523349437 0.08109210697537822 0.11304347826086956
0 0.2861540019463599 0.6079056289844852 0.06397719254995034 0.09275360107421875
0 0.550212662999185 0.8847172453015707 0.08924205378973109 0.13043484895125673
0 0.05652888763601836 0.4814563425650727 0.11328442114198121 0.15144931959069294
1 0.5009054344071541 0.7242099436392917 0.07049709777085879 0.10652173913043483
1 0.4970341788916056 0.540514324636659 0.07579462102689488 0.11884055759595788
1 0.3252738063473379 0.838340411593181 0.0680521473033504 0.14202900762143345
0 0.31835118402024587 0.39170742882985815 0.07086044830079535 0.10668380462724936
0 0.17373802422270423 0.31651462677330283 0.07809110629067245 0.12082262210796915
0 0.2297756236442516 0.540165012377416 0.07158351409978309 0.1516709511568123
0 0.30895132863340563 0.213044189755308 0.04627621113521331 0.10411311053984576
0 0.2605059201012292 0.187337248881272 0.05639913232104122 0.11182519280205655
0 0.2413446764280549 0.07422670903551366 0.0657989877078814 0.11439588688946016
0 0.6061313720173536 0.18990794296867558 0.052060737527114986 0.09897172236503854
0 0.5620243582791034 0.31972799438255733 0.033261026753434564 0.08611825192802058
1 0.5255095354302242 0.26702876559078365 0.06435285610990604 0.09125964010282778
1 0.5117712852494577 0.4463346781871846 0.06290672451193054 0.10025706940874034
1 0.4756179953000723 0.8794966319146911 0.06579898770788144 0.12082262210796915
0 0.6289079446854663 0.05882262805864991 0.08315256688358635 0.11949710796915167
