1 0.4442632424899399 0.23725342190016105 0.07701711491442544 0.13260869565217392
1 0.5500089264537809 0.1876157517978343 0.06519964912992814 0.13768118153447692
1 0.6431222357590605 0.17602154337073678 0.08109206966782546 0.14202897445015283
0 0.3957709600795258 0.3618911251737684 0.06234718826405867 0.11086956521739132
0 0.5227065878373002 0.4883404115931808 0.06927467849843373 0.08985509457795515
0 0.39373348270282577 0.7557317159410069 0.08272211126126988 0.1942029206649117
0 0.6777148861171367 0.7008333928401409 0.10556760665220537 0.14395886889460158
0 0.6520460502530729 0.6095737527373132 0.08604483007953725 0.08740359897172235
0 0.6661458333333333 0.5671573002951539 0.0723065798987708 0.07969151670951162
0 0.8328125 0.18797992240312292 0.08170643528561096 0.13110539845758354
1 0.7030221890817064 0.09222156764733885 0.04916847433116409 0.10411311053984576
0 0.6343309381778742 0.047254504665333714 0.08387563268257417 0.09636086118251928
0 0.4879101138828633 0.5947922617347424 0.08170643528561096 0.1066838046272494
0 0.429341784164859 0.5472344211177759 0.0730296456977585 0.13753213367609254
1 0.2601443872017353 0.4836097424545368 0.08604483007953721 0.10025706940874039
0 0.35486600686912506 0.6545608992668762 0.07447577729573389 0.1233933161953727
1 0.3620966648590021 0.2233269661049224 0.06435285610990599 0.12982005141388173
