0 0.8169201043338045 0.1850795254423231 0.05052979709466688 0.09927537337593412
0 0.9045321911451967 0.2916012811583982 0.03178484107579464 0.06159422501273779
0 0.0801010032537961 0.8820874095496525 0.16124367317425886 0.23397332904884327
0 0.48610244938539404 0.9694910085213748 0.09399855386840202 0.05916613110539854
0 0.8837886388286333 0.4803963748452823 0.04627621113521331 0.07840616966580975
0 0.8631812635574837 0.24903390697895839 0.041214750542299325 0.07326478149100259
0 0.9152420010845986 0.12114187613062934 0.051337671728127296 0.09511568123393314
0 0.9206649945770065 0.027331625487955823 0.0506146059291396 0.0565151028277635
0 0.9542875542299348 0.07744007664476817 0.041214750542299325 0.07455012853470439
0 0.9560952187274041 0.16484367561649055 0.027476500361532884 0.0488431876606684
0 0.9568182845263918 0.23682311006379128 0.04338394793926241 0.05912596401028276
0 0.9485030278380333 0.31073056507664476 0.036876355748373155 0.060411311053984576
0 0.9123497378886478 0.37564059078358564 0.03976861894432394 0.08226221079691516
0 0.9532029555314533 0.40648891983242885 0.040491684743311634 0.046272493573264774
0 0.9720026663051338 0.35571771160620774 0.04193781634128702 0.0784061696658098
0 0.9148804681851048 0.5832241383414263 0.04193781634128702 0.0784061696658098
0 0.9080113430947216 0.6584169403979816 0.060014461315979754 0.07197943444730079
0 0.9466953633405639 0.732324395410835 0.04193781634128702 0.08354755784061699
0 0.9546490871294289 0.6725557578787013 0.04483007953723792 0.06426735218508994
0 0.9767025939985539 0.6243552437398838 0.04555314533622561 0.08097686375321335
0 0.9224726590744758 0.4604734956679044 0.04699927693420101 0.07197943444730073
0 0.968748870209689 0.48810845710749307 0.051337671728127296 0.08097686375321335
