0 0.13651620370370368 0.8016599770410252 0.12098765432098764 0.17470758003101014
0 0.08960262345679011 0.613063485812955 0.09135802469135801 0.11769003617136102
0 0.2720749728850326 0.9367146589069789 0.09978308026030369 0.12471883033419032
0 0.1444538593637021 0.9482827823002953 0.10484454085321764 0.1015825835475579
0 0.075401075560376 0.5028899481100638 0.0809833694866233 0.09768637532133674
0 0.03129406182212582 0.45918814862420265 0.052060737527114966 0.0951156812339332
0 0.1538537147505423 0.31458660620775014 0.03976861894432394 0.07840616966580975
0 0.13505400397686187 0.2715274802437399 0.04266088214027476 0.09768637532133677
0 0.012855883947939262 0.27538352137484534 0.02675343456254519 0.05655526992287916
0 0.7048298535791757 0.4662575573645626 0.04266088214027472 0.07069408740359902
0 0.2673750451916124 0.09414958821289156 0.02964569775849603 0.05141388174807198
0 0.2677365780911063 0.055589176901837574 0.027476500361532916 0.043701799485861184
0 0.27569030187997107 0.14877683757021803 0.030368763557483754 0.026992287917737782
0 0.3613735990600144 0.12756861134913836 0.02386117136659435 0.041131105398457594
0 0.3393200921908894 0.13849406122060362 0.020245842371655817 0.034704370179948596
0 0.16614583333333333 0.12178454965248023 0.031091829356471447 0.06041131105398456
0 0.1773533532176428 0.09093622060363706 0.023138105567606655 0.047557840616966586
0 0.1954299981923355 0.07872542368846996 0.034707158351409986 0.04370179948586118
0 0.21892963665943602 0.10121899695325146 0.02819956616052061 0.050128534704370196
0 0.13866933297180045 0.09543493525659336 0.02819956616052061 0.048843187660668384
0 0.11661582610267533 0.13849406122060362 0.030368763557483722 0.044987146529562975
0 0.1444538593637021 0.05751719746739027 0.031091829356471434 0.04755784061696658
