0 0.46491130310812107 0.8005635192752116 0.11687245310088734 0.16666666666666669
0 0.34886190155406055 0.5644523970100149 0.10781894259982637 0.14327487610934075
0 0.24536396544656636 0.7789991694816604 0.13950617283950614 0.22441516006202025
0 0.5461169107013738 0.7207562720175188 0.0882140274765004 0.15038560411311058
0 0.6111928326102676 0.8904220817861563 0.11713665943600861 0.21465295629820053
0 0.5063482917570499 0.9450694146910407 0.13738250180766448 0.10800931876606691
0 0.36245819775849597 0.8807819789583928 0.12292118582791034 0.1799485861182519
0 0.4401877711496746 0.674483778444254 0.08893709327548809 0.134961439588689
0 0.35667367136659434 0.6886225959249738 0.10701373825018076 0.17609254498714655
0 0.24640613702096886 0.6070030586499097 0.11207519884309468 0.15938303341902316
0 0.10685443781634127 0.9161491062077501 0.12364425162689804 0.16584993573264784
0 0.2612289859002169 0.9219532514519662 0.1547360809833695 0.15424164524421596
0 0.23339095263919016 0.4926071717604494 0.10050614605929138 0.11568123393316192
0 0.11083129971077368 0.7246123131486242 0.1344902386117137 0.12210796915167098
0 0.05804749638467101 0.8190853208607064 0.10267534345625451 0.1516709511568123
0 0.17229189262472885 0.475897660192326 0.0650759219088937 0.07969151670951158
0 0.12926947758496024 0.20276141340569362 0.099060014461316 0.1401028277634961
0 0.12240035249457701 0.3293680972103209 0.0636297903109183 0.12082262210796915
0 0.05732443058568329 0.4733269661049225 0.08821402747650037 0.12853470437017994
0 0.06057822668112798 0.3570030586499095 0.09327548806941431 0.12982005141388175
0 0.040693917208966014 0.2117588427116062 0.07086044830079537 0.13239074550128532
0 0.12420801699204628 0.6179285085213749 0.11352133044107013 0.09383033419023137
