0 0.7376617381897221 0.3970360305958132 0.07049717238596429 0.13043478260869568
0 0.8226250633730963 0.4365287952760952 0.08638959292386149 0.11376813805621609
0 0.9544506666809928 0.41623895126072497 0.0810921442829309 0.12536236306895382
0 0.7747440652140002 0.25645634256507277 0.07049709777085884 0.12753627611243207
0 0.6871320157101608 0.20428241293595417 0.07049717238596429 0.123188416854195
0 0.8739698066493798 0.20536936945769332 0.07742458800523384 0.12101450381071673
0 0.14577096007952578 0.23290562898448514 0.1075794621026895 0.17028987718665084
0 0.7417062093275487 0.11600048795582214 0.05712219812002897 0.10796915167095116
0 0.8114820589298626 0.12885395839284017 0.06507592190889373 0.10539845758354756
0 0.9394647053506869 0.28566629772445973 0.07809110629067248 0.12082262210796918
0 0.8508891449746926 0.31330125916404833 0.07013738250180761 0.10925449871465295
0 0.9676642715112074 0.10957375273731314 0.06218365871294284 0.21079691516709512
0 0.8834271059291395 0.053681239883842706 0.08749096167751264 0.10921433161953727
0 0.7796671637744036 0.026688951966104917 0.0723065798987708 0.05522975578406169
0 0.6795225506146058 0.0639640162334571 0.08749096167751264 0.12977988431876605
0 0.6318002078814172 0.02861697253165762 0.06290672451193054 0.0590857969151671
0 0.300636071945047 0.09093622060363706 0.04844540853217646 0.09897172236503857
0 0.38161944143167026 0.025403604922403122 0.03398409255242226 0.0526590616966581
0 0.24749073571945043 0.034380950680757874 0.053506869125090346 0.06812339331619538
0 0.04575537780187997 0.2374657835856422 0.06941431670281994 0.13753213367609254
0 0.051539904193781634 0.10828840569361134 0.0462762111352133 0.12596401028277635
