0 0.6645158787908454 0.5745722735369647 0.054604751848066964 0.11159422501273773
0 0.6345647785463465 0.6944998208259424 0.058272233510658585 0.11376807171365487
0 0.5740513311135838 0.44341286430420324 0.05215976407300585 0.10434782608695654
0 0.1761295520686093 0.5571809691891387 0.07049713507841152 0.12753620976987096
0 0.2648443148951555 0.6976200252308864 0.05061460592913954 0.08611825192802053
0 0.22326803145336224 0.6423501023517091 0.038322487346348515 0.08868894601542418
0 0.12095422089660159 0.6050750380843568 0.04772234273318872 0.10154241645244211
0 0.08371633224873463 0.3409362206036371 0.06579898770788141 0.10539845758354753
0 0.12818487888647867 0.16934239026944684 0.05784526391901664 0.09383033419023137
0 0.062024358279103395 0.11921385556507666 0.049891540130151846 0.10154241645244218
0 0.6292694775849603 0.4495480457964391 0.052060737527114986 0.07326478149100256
0 0.5970930495300073 0.3621444468247167 0.0498915401301519 0.07583547557840616
0 0.9886331796818509 0.9019902051794726 0.021691973969631205 0.10154241645244222
0 0.3259433749096168 0.02668895196610492 0.03832248734634855 0.055229755784061696
