0 0.64597469662493 0.13906503821724664 0.05175221636709194 0.13043478260869568
0 0.6849455441070136 0.5118873774159765 0.05929139551699206 0.0976863753213368
0 0.7594213214027477 0.6050750380843567 0.06362979031091835 0.10925449871465295
0 0.7077221167751265 0.9212904943825573 0.08170643528561096 0.15556715938303356
0 0.7843670914678236 0.9701336820432257 0.08170643528561096 0.05788078406169672
0 0.9604336135213304 0.9444267411691898 0.06652205350686913 0.10929466580976864
0 0.956818284526392 0.12306989669618205 0.08532176428054955 0.15809768637532134
0 0.8237741775126537 0.565229279729601 0.05350686912509038 0.10411311053984576
0 0.7836440256688357 0.49132182471674757 0.048445408532176396 0.08740359897172235
0 0.7323063539407086 0.5221701537655908 0.03976861894432394 0.089974293059126
0 0.8338970986984816 0.4553321074930972 0.060737527114967445 0.10539845758354753
0 0.8454661514822848 0.2618873774159764 0.04916847433116409 0.08354755784061696
0 0.8078667299349241 0.27217015376559084 0.04483007953723792 0.10154241645244216
0 0.5067098246565437 0.5787254236884699 0.058568329718004304 0.10025706940874039
0 0.4510337581344902 0.5517331357707321 0.048445408532176396 0.11053984575835477
