0 0.6846643518518519 0.7588968191462883 0.0938271604938271 0.15497073792574692
0 0.8955697142047646 0.5556804337231968 0.062139892578125 0.0745614035087719
0 0.9097672450689621 0.4145985735322532 0.0633744604793596 0.09795319406609786
0 0.6920717969352816 0.48550499512670564 0.06008232964409726 0.1622807017543859
0 0.7834297839506171 0.1583851343939411 0.0493827160493827 0.08114035087719297
0 0.9445408950617283 0.7095547473453871 0.09012345679012342 0.13377192982456146
0 0.7653228006245176 0.8447886766281276 0.040329243224344086 0.10745620727539062
0 0.6350758870442709 0.4686921519378007 0.05637862594039357 0.09064323023745886
0 0.76532283830054 0.4339699074074074 0.06419753086419758 0.1118421052631579
0 0.8406314802758487 0.30019801104510274 0.06172839506172837 0.09283627961811265
0 0.42890304753809794 0.5724933438366152 0.04156381112557869 0.08333333333333334
0 0.6216772866955893 0.7021187398838428 0.04266088214027472 0.08740359897172235
0 0.6704842281272595 0.6089310792154623 0.05929139551699206 0.1066838046272493
0 0.825220309110629 0.44440665762163195 0.0506146059291396 0.08868894601542418
0 0.7351986171366595 0.315871953251452 0.048445408532176396 0.05269922879177379
0 0.7330294197396964 0.38849406122060365 0.04555314533622561 0.04370179948586118
0 0.7489368673174259 0.5877228529943825 0.06435285610990604 0.11053984575835477
0 0.7684596438900939 0.69312131057793 0.06579898770788144 0.09254498714652955
0 0.8244972433116414 0.7188282514519662 0.05929139551699206 0.08226221079691516
0 0.812928190527838 0.6339953465676474 0.05350686912509038 0.07969151670951162
0 0.3602890003615329 0.28052490954965253 0.028922631959508335 0.06426735218509
0 0.671930359725235 0.11278712034656764 0.04193781634128702 0.06298200514138817
0 0.833174032899494 0.13528069361134915 0.030368763557483785 0.06940874035989719
0 0.9062036785972524 0.02861697253165762 0.0506146059291396 0.0590857969151671
0 0.7315832881417209 0.932195860706465 0.03832248734634855 0.07455012853470443
0 0.7160373734634853 0.9746323966961821 0.0506146059291396 0.04888335475578406
0 0.8049744667389732 0.9765604172617348 0.05639913232104116 0.04502731362467869
0 0.8306433026030369 0.8441495882128915 0.044107013738250225 0.10154241645244211
0 0.9850178506869125 0.886566040655051 0.027476500361532884 0.09125964010282772
0 0.40643988341373766 0.2957575912309368 0.042039972432804974 0.08333333333333334
0 0.08734960084998852 0.6994991659858388 0.1757408683666437 0.5991498161764707
0 0.9226356104985068 0.8766399441721134 0.0696071674707099 0.1348039215686275
0 0.8723254795543304 0.8876693559368192 0.0599586492074432 0.142156862745098
