0 0.2788190199674002 0.6789200996239213 0.05990220048899755 0.09710142716117524
0 0.22686304840112767 0.5687751942018764 0.06275469866241977 0.08550726849099861
0 0.09177747382900049 0.48978966484131264 0.06642218032501146 0.09710142716117529
0 0.7142306177812372 0.7698621507236156 0.06112469437652817 0.094927514117697
0 0.19691194815662888 0.4705867773476815 0.053382220652983654 0.07318845002547553
0 0.7790227938203571 0.5463114039717474 0.04645476772616135 0.10144925324813182
0 0.2865225849988514 0.4826448461328976 0.05582356995175743 0.06985294117647059
0 0.2275977056053297 0.4164683755446623 0.04962095106822882 0.0625
0 0.04462044854123593 0.4036007284858388 0.06685044796691937 0.12990196078431368
0 0.3102992907190444 0.3950222971132898 0.04272915230875262 0.05637254901960784
0 0.3278733775557087 0.45936053240740743 0.053066850447966905 0.07720588235294122
0 0.3654336807948541 0.3790909245642701 0.04272915230875256 0.07843137254901959
0 0.41402086204916155 0.47038994417211333 0.03376981392143351 0.06004901960784316
0 0.4570946042958879 0.4930615127995643 0.03997243280496209 0.07843137254901965
0 0.2317327848610154 0.32455661083877996 0.038594073053066856 0.06985294117647059
0 0.16040266770043649 0.3221056304466231 0.04066161268090971 0.05514705882352942
0 0.24965146163565358 0.25654190495642704 0.04272915230875262 0.06372549019607845
0 0.3333868165632897 0.27737523828976035 0.04479669193659544 0.07352941176470586
0 0.3905887462669424 0.3202673951525054 0.03376981392143351 0.05637254901960784
0 0.38369694750746614 0.2804389637799564 0.03239145416953827 0.050245098039215674
0 0.29375897369630133 0.2455124931917211 0.03445899379738109 0.06862745098039214
0 0.2937589736963015 0.19220366966230934 0.03583735354927639 0.037990196078431376
0 0.37439301918217327 0.2283556304466231 0.03308063404548586 0.06127450980392155
0 0.407818243165633 0.2583801402505447 0.03239145416953827 0.0625
0 0.41987889099471626 0.3662232775054466 0.03170227429359063 0.06495098039215684
0 0.2107127986446129 0.22284092456427013 0.03101309441764301 0.04534313725490193
0 0.3330422266253159 0.21303700299564268 0.03721571330117162 0.05269607843137252
0 0.33614353606708025 0.16769386574074074 0.043418332184700204 0.05269607843137255
0 0.19072658224213188 0.27124778730936816 0.043418332184700204 0.07843137254901962
