0 0.2115818748069956 0.7166012811583983 0.09331704585068383 0.14927534020465358
0 0.29267396312859745 0.6303693860433337 0.08272211126126988 0.13188410219938865
0 0.4776780505440735 0.41116649854970255 0.06397722985750308 0.12536229672639265
0 0.2283294920462762 0.5536611563362849 0.0730296456977585 0.11953727506426733
0 0.3364278289949385 0.36921385556507663 0.040491684743311634 0.07712082262210798
0 0.2977438087490961 0.34222156764733885 0.03398409255242226 0.0616966580976864
0 0.31545892082429494 0.29787709463962675 0.03759942154736079 0.08868894601542418
0 0.2666519793926247 0.28759431829001236 0.041214750542299325 0.07840616966580975
0 0.29195928235719454 0.07615472960106637 0.04555314533622561 0.05398457583547558
0 0.0934777205350687 0.32165601494811 0.062183658712942874 0.09511568123393314
0 0.13541553687635574 0.6410647553080073 0.08966015907447576 0.1401028277634962
0 0.04105545010845987 0.7863089712463106 0.07158351409978309 0.14781491002570693
0 0.06708581887201735 0.9219130843568505 0.0556760665220535 0.11825192802056551
0 0.20591445227765726 0.9534241704751023 0.12219812002892262 0.09129980719794352
0 0.3172665853217643 0.8891367347424545 0.10339840925524223 0.13753213367609254
