0 0.1124421484676408 0.558238957871703 0.1156378475236304 0.16447368421052633
0 0.6950684652928416 0.6012189969532514 0.06507592190889373 0.16580976863753216
0 0.7952130784526391 0.6005763234314007 0.11785972523499642 0.16709511568123397
0 0.7691827096890816 0.5112447038941255 0.060014461315979754 0.11696658097686373
0 0.8342586315979754 0.5073886627630201 0.07013738250180761 0.109254498714653
0 0.822689578814172 0.42769714605350856 0.055676066522053466 0.060411311053984576
0 0.04286311460592914 0.7792395625059507 0.08532176428054952 0.14652956298200512
0 0.02008654193781634 0.5832241383414263 0.04121475054229935 0.17609254498714655
0 0.05081683839479392 0.41355832857278874 0.05784526391901662 0.11953727506426738
0 0.13505400397686187 0.4026328787013234 0.06290672451193058 0.11568123393316196
