1 0.40672054597701146 0.39896684368191726 0.046206896551724164 0.12132352941176473
1 0.40154813218390806 0.5190648828976034 0.056551724137931046 0.1409313725490196
1 0.4408584770114942 0.43818252995642704 0.04413793103448273 0.13112745098039216
0 0.6198239942528735 0.5055844907407407 0.15241379310344824 0.28799019607843135
0 0.5370653735632184 0.9560670275054467 0.14413793103448272 0.08601409313725497
0 0.7698239942528734 0.9517778118191721 0.17103448275862063 0.09459252450980397
0 0.3112033045977011 0.29541292211328973 0.05931034482758619 0.11764705882352942
0 0.34327227011494255 0.3634276279956427 0.057241379310344814 0.10661764705882351
0 0.3260308908045977 0.4198001770152505 0.060000000000000026 0.13602941176470584
0 0.3336170977011494 0.8462707652505448 0.05862068965517242 0.1433823529411765
0 0.32430675287356325 0.7077903730936819 0.06620689655172415 0.1482843137254902
0 0.3408584770114943 0.5650207652505447 0.060689655172413794 0.142156862745098
0 0.2880998563218391 0.8891629221132897 0.07103448275862068 0.1335784313725489
0 0.23741020114942532 0.9523905569172114 0.17241379310344832 0.0933670343137255
1 0.4118929597701149 0.29296194172113293 0.04827586206896554 0.08823529411764708
0 0.5305136494252873 0.12506978485838782 0.05241379310344829 0.1127450980392157
0 0.47534123563218383 0.39835409858387794 0.04413793103448279 0.12009803921568626
0 0.6115481321839079 0.04001310593681917 0.05586206896551727 0.0818780637254902
