0 0.7814677815954183 0.5709490740740741 0.08394453053369494 0.10869565217391308
0 0.1649233518816537 0.3166012479871176 0.0986145317991672 0.13043478260869568
0 0.06671633980773578 0.6513838898540504 0.10105950092045195 0.14202900762143345
0 0.6140850958062183 0.7824529301152052 0.07519884309472158 0.13753213367609254
0 0.7012145245842372 0.6828385342283156 0.08315256688358647 0.1748071979434447
0 0.5472015093998553 0.8872087141769018 0.07592190889370934 0.1285347043701799
0 0.535632456616052 0.7573886627630201 0.04844540853217646 0.10796915167095113
0 0.5898623915401301 0.699548045796439 0.055676066522053466 0.11053984575835477
0 0.5913085231381056 0.6095737527373131 0.044107013738250225 0.07197943444730079
0 0.5439477133044107 0.40327555222317435 0.04916847433116409 0.12724935732647816
0 0.5609397595806219 0.5324529301152051 0.07158351409978311 0.08226221079691516
0 0.6491537870571221 0.5928642411691897 0.06146059291395514 0.07969151670951152
0 0.706275985177151 0.49260717176044927 0.0730296456977585 0.13367609254498708
0 0.7908746836587129 0.40006218461391985 0.10195227765726678 0.13881748071979433
0 0.33028176970354295 0.3929927758735599 0.03832248734634849 0.08611825192802053
0 0.30280526934201013 0.29594907407407406 0.04699927693420101 0.10282776349614399
0 0.23122175524222707 0.35828840569361137 0.05133767172812726 0.11439588688946013
0 0.2514675976138829 0.2606020303722746 0.046999276934201036 0.09383033419023137
0 0.19181466919739698 0.23875113062934403 0.06073752711496748 0.09125964010282775
0 0.265928913593637 0.16163030800723605 0.060014461315979754 0.08611825192802056
0 0.20663751807664496 0.15584624631057792 0.04699927693420101 0.08483290488431874
0 0.20266065618221257 0.09157889412548795 0.04338394793926247 0.07197943444730076
0 0.07503954266088214 0.28952233885556505 0.0730296456977585 0.09511568123393314
0 0.05045530549530008 0.3962061434828144 0.08749096167751265 0.12596401028277635
0 0.11372356290672452 0.515100745025231 0.06796818510484455 0.10925449871465295
0 0.7727980386840201 0.29466372703037225 0.08893709327548803 0.14395886889460155
0 0.8859578362255965 0.23682311006379134 0.12147505422993489 0.21079691516709512
