0 0.37519230053691044 0.3075432825011716 0.04808473470450032 0.08768114836319636
0 0.5901474881968852 0.8727606903911598 0.05990220048899755 0.09202894127887233
0 0.32792254932157955 0.3368911251737684 0.04645476772616135 0.0855072021484375
0 0.4835867461287694 0.705007089316941 0.04645476772616135 0.07826086956521737
0 0.772299077438939 0.9260215599563771 0.05990220048899755 0.08985502823539399
0 0.694466979035344 0.7546447594192678 0.058272233510658585 0.11666664455247963
0 0.6237660701039758 0.6622534550714417 0.06112469437652817 0.144927514117697
0 0.6492346678891607 0.928557769726248 0.04523227383863085 0.07608695652173912
0 0.492144240649036 0.784354882232617 0.04237981297276132 0.057246398925781254
0 0.41105213367365784 0.4068186392914654 0.03993475058259476 0.05434782608695654
0 0.4701950018076645 0.8570030586499096 0.03470715835140995 0.08354755784061699
0 0.5171942787418655 0.8698766126344853 0.04049168474331169 0.0835073907455013
0 0.5490091738973246 0.7888796653337141 0.04483007953723792 0.08611825192802053
0 0.5840778651482283 0.6693423902694468 0.03543022415039765 0.10411311053984576
0 0.5851624638467101 0.7586740098067218 0.0477223427331887 0.06426735218508994
0 0.5453938449023861 0.7175429044082643 0.04483007953723786 0.08740359897172235
0 0.4528414226319595 0.7869516447681615 0.026030368763557493 0.0668380462724936
0 0.44994915943600866 0.7149722103208607 0.027476500361532884 0.06426735218508994
0 0.6440923264642082 0.790165012377416 0.052783803326102684 0.09125964010282772
0 0.7077221167751265 0.8692138555650767 0.055676066522053466 0.10282776349614393
0 0.7532752621113521 0.8081598709892411 0.052783803326102684 0.07326478149100261
0 0.8038898680404917 0.840936220603637 0.05422993492407807 0.0951156812339332
0 0.8114820589298626 0.7863089712463105 0.05495300072306577 0.07583547557840616
0 0.7601443872017354 0.7625300509378273 0.05350686912509038 0.08740359897172235
0 0.7435138738250181 0.7053321074930973 0.06507592190889373 0.09383033419023137
0 0.6928992678958785 0.6564889198324287 0.06218365871294284 0.10154241645244211
0 0.7507445318148951 0.5620159121203465 0.0477223427331887 0.06426735218508994
0 0.61986962219812 0.43026784014091213 0.040491684743311634 0.05784061696658098
0 0.646984589660159 0.4122729815290869 0.02819956616052058 0.05784061696658098
0 0.6177004248011568 0.38849406122060365 0.033261026753434564 0.05141388174807197
0 0.5276787328271872 0.6417074288298582 0.03976861894432394 0.0616966580976864
0 0.5457553778018799 0.6134297938684186 0.03687635574837304 0.06426735218508994
0 0.6140850958062183 0.5658719532514519 0.03470715835140995 0.05912596401028276
0 0.4636874096167752 0.5684426473388555 0.0361532899493854 0.08483290488431881
0 0.3696888557483732 0.4193423902694468 0.028922631959508335 0.06940874035989719
0 0.3436584869848156 0.5388796653337141 0.04483007953723792 0.07969151670951152
0 0.2952130784526392 0.6031470175188042 0.031814895155459176 0.07712082262210798
0 0.19976839298626176 0.6648436756164906 0.04193781634128705 0.0668380462724936
0 0.3353432302964569 0.25031925402266014 0.02964569775849603 0.044987146529562975
0 0.28039022957339116 0.3454349352565933 0.038322487346348515 0.11182519280205655
0 0.42174959327548805 0.3486483028658478 0.031814895155459176 0.08483290488431876
0 0.41813426428054956 0.28181025659335424 0.031814895155459176 0.05655526992287916
0 0.3939115600144613 0.23618043654194038 0.042660882140274775 0.06298200514138817
0 0.3082282628344179 0.1738411049224031 0.041937816341287085 0.051413881748071995
0 0.4246418564714389 0.22332696610492242 0.023138105567606655 0.05269922879177379
0 0.41054207339117865 0.08001077073217176 0.02386117136659435 0.051413881748071974
0 0.34510461858279107 0.033738277158906975 0.033261026753434564 0.05398457583547558
0 0.2612289859002169 0.02861697253165762 0.03759942154736079 0.0590857969151671
0 0.1524075831525669 0.021547563791297724 0.038322487346348515 0.044946979434447296
0 0.370050388647867 0.18155318718461388 0.0368763557483731 0.06683804627249357
0 0.973810330802603 0.5228128272874417 0.051337671728127296 0.11439588688946013
0 0.9658566070137382 0.4778256807578787 0.04555314533622561 0.08354755784061695
0 0.40909594179320324 0.19119329001237742 0.035430224150397704 0.0681233933161954
0 0.5887279606018837 0.2786007284858388 0.0385940730530668 0.05637254901960784
