0 0.47482555237065127 0.6372534550714416 0.055827245735597525 0.11811596414317257
0 0.6751108133802594 0.5571809691891386 0.07334963325183376 0.08550726849099861
0 0.618061111064684 0.8553693860433336 0.054604751848066964 0.0992754065472147
0 0.09381495120570052 0.6705867773476815 0.0810921069753782 0.13260869565217395
0 0.5987210688031243 0.4869340618191721 0.048931771192281204 0.06372549019607848
0 0.7410367131863083 0.4795811206427015 0.057891109579600315 0.12254901960784316
0 0.6535108689409604 0.4587477873093682 0.03721571330117162 0.03431372549019608
0 0.5177424333792787 0.41340465005446625 0.03445899379738109 0.03676470588235293
0 0.5425529089133931 0.4054389637799564 0.028945554789800158 0.030637254901960762
0 0.3368327159430278 0.3233311206427016 0.03790489317711921 0.05514705882352942
0 0.2837658654950609 0.5304389637799565 0.046175051688490676 0.09191176470588235
0 0.32477206811394443 0.5328899441721134 0.04824259131633356 0.08455882352941181
0 0.29996159257983 0.5941644539760349 0.03308063404548586 0.05759803921568631
0 0.040829959223524004 0.7369340618191721 0.06891798759476223 0.12990196078431368
