0 0.6944669790353442 0.4010215599563771 0.05582724573559747 0.09492758046025816
0 0.7816715181408224 0.8988476469128989 0.0998370256866977 0.139855028235394
0 0.5993161923533643 0.2897896648413125 0.04889975550122247 0.08985509457795515
0 0.6651271257346105 0.5202244474500083 0.06397715524239764 0.10144925324813178
0 0.3725435575626687 0.8397896648413127 0.05338222065298363 0.09275360107421875
0 0.7167604392624729 0.9727043761306294 0.06362979031091835 0.05273939588688953
0 0.6581921095444685 0.28438095068075786 0.0477223427331887 0.08740359897172235
0 0.6187850234996385 0.2149722103208607 0.03976861894432394 0.08226221079691515
0 0.3136512563268257 0.5350236242026087 0.042660882140274775 0.07197943444730079
0 0.2764133676789588 0.47975370132343137 0.036153289949385374 0.06683804627249354
0 0.18928393890093997 0.4386225959249738 0.05422993492407807 0.08226221079691522
0 0.23519861713665943 0.40327555222317435 0.06507592190889368 0.10668380462724936
0 0.14336926066522052 0.19954804579643912 0.05929139551699204 0.08997429305912598
0 0.04322464750542299 0.08579483242882985 0.08749096167751265 0.12724935732647816
0 0.16542276753434565 0.03954242240312292 0.05133767172812726 0.08093669665809769
0 0.11336203000723065 0.02411825787870132 0.0368763557483731 0.050088367609254496
0 0.07829333875632682 0.048519768161477676 0.054953000723065804 0.09125964010282776
