0 0.16227462756118838 0.5829056289844851 0.10635696821515894 0.11376813805621609
0 0.5548989393114557 0.2611664819640622 0.06112469437652817 0.10362319946289063
0 0.24886793837667778 0.38906503821724664 0.06927464119088098 0.08985502823539404
0 0.628656045654098 0.3205867607620412 0.0676447115200947 0.11376810488493548
0 0.341981229028181 0.47276069039115975 0.07701711491442544 0.08768111519191575
0 0.4888842320772528 0.29449982082594234 0.0594947273981892 0.0992754065472147
0 0.09116622688523521 0.48363025560855105 0.09453953973821443 0.08478260869565214
0 0.30409667183551575 0.5347281794662309 0.07580978635423848 0.09068627450980386
0 0.26653636859637037 0.4697771990740741 0.0709855272226051 0.11029411764705878
0 0.21071279864461298 0.3270075912309368 0.06685044796691937 0.07475490196078433
0 0.17797675453710085 0.45568406181917215 0.08821502412129567 0.11397058823529416
0 0.17625380484723183 0.3741889637799564 0.06960716747070987 0.06862745098039216
0 0.5618499454399265 0.38828210103485844 0.07580978635423848 0.11887254901960784
