0 0.24479294631572499 0.7568186392914655 0.10920946638858116 0.15869565217391307
0 0.3837497577496244 0.6752969333323112 0.06764463690498931 0.11884055759595788
0 0.8254775615465185 0.6916012479871176 0.06275473596997247 0.13260869565217395
0 0.1531059047509328 0.6916012479871176 0.07171962896594208 0.13260869565217395
0 0.3244274781759707 0.6235762186819171 0.06685044796691937 0.1115196078431372
0 0.416777581552952 0.600291904956427 0.06133700895933837 0.11887254901960784
0 0.5749443630829314 0.43791445397603485 0.04548587181254303 0.09313725490196081
0 0.24448261256604642 0.6223507284858388 0.0709855272226051 0.09681372549019603
0 0.06495125488169079 0.8202673951525055 0.1268090971743625 0.16421568627450983
0 0.038073239719733525 0.9415909245642702 0.07443142660234321 0.09068627450980397
0 0.09803188892717667 0.5629144539760348 0.07718814610613371 0.11519607843137253
0 0.17659839478520561 0.5512722971132897 0.07718814610613371 0.1115196078431373
0 0.33717730588100164 0.503478179466231 0.07167470709855271 0.09436274509803924
0 0.2565432603951298 0.5384046500544661 0.06340454858718125 0.09313725490196081
0 0.27825242648747994 0.3625468069172113 0.048931771192281204 0.08210784313725492
