0 0.5632652000144676 0.6384883761638321 0.10288070867091044 0.19549527084618257
0 0.5679977228612075 0.8338237308851693 0.08600825557002316 0.15716378730640077
0 0.09886188271604937 0.22746406503123381 0.10740740740740738 0.19590642159445243
0 0.17273020803192515 0.425563485812955 0.06995887285397376 0.13888891119706004
0 0.4843067528735632 0.7788688044662309 0.0703448275862069 0.1482843137254902
0 0.3494791666666667 0.8744570397603486 0.1068965517241379 0.21446078431372562
0 0.3936170977011494 0.6691874319172114 0.06275862068965517 0.12009803921568621
0 0.46258261494252867 0.6287462554466231 0.06137931034482757 0.12009803921568621
0 0.4363757183908046 0.5472511574074074 0.06965517241379307 0.13112745098039216
0 0.3022377873563219 0.3854864515250545 0.05241379310344829 0.116421568627451
0 0.24672054597701149 0.40264331427015254 0.05172413793103446 0.10906862745098041
0 0.3201688218390804 0.2776433142701525 0.05241379310344829 0.116421568627451
0 0.2780998563218391 0.21207958877995642 0.05379310344827586 0.1176470588235294
0 0.22223778735632183 0.1213933142701525 0.06482758620689655 0.12745098039215688
0 0.019479166666666665 0.12200605936819171 0.04 0.18504901960784315
0 0.2998239942528736 0.156932529956427 0.057241379310344814 0.10784313725490197
0 0.13016882183908046 0.0742119417211329 0.08068965517241378 0.12622549019607843
0 0.19832226138828635 0.24517786584785298 0.07809110629067245 0.1632390745501285
0 0.2464061370209689 0.3139439326858992 0.06290672451193056 0.11825192802056556
0 0.2800286966738973 0.07872542368846996 0.07519884309472165 0.11311053984575836
