0 0.35196491667382973 0.5463114039717474 0.03585979582919467 0.05507248588230301
0 0.3870097663214076 0.4459490740740742 0.039934825197700204 0.07608695652173918
0 0.45139529103398407 0.5414503594211177 0.03470715835140995 0.05912596401028276
0 0.4228341919739696 0.5812961177758735 0.032537960954446866 0.05912596401028276
0 0.4043960140997831 0.5324529301152051 0.0361532899493854 0.07197943444730079
0 0.384873237527115 0.6462061434828145 0.04627621113521331 0.08354755784061699
0 0.32811257230657986 0.6731984314005522 0.02819956616052058 0.050128534704370196
0 0.33534323029645696 0.802375809292583 0.03398409255242226 0.06426735218508994
0 0.37836564533622563 0.808802544511092 0.0361532899493854 0.06426735218508994
0 0.3223280459146782 0.6018616704751023 0.02964569775849603 0.04884318766066837
0 0.2991899403470716 0.6539182257450252 0.04844540853217646 0.06555269922879177
0 0.2796671637744035 0.6564889198324287 0.03398409255242226 0.05784061696658093
0 0.2691827096890817 0.7207562720175188 0.028922631959508303 0.05269922879177374
0 0.2970207429501085 0.7663860920689327 0.0368763557483731 0.05912596401028276
0 0.34004315798987705 0.7310390483671332 0.031814895155459176 0.05526992287917738
0 0.24279080802603037 0.6301393054365421 0.02819956616052061 0.0616966580976864
0 0.2977438087490962 0.5138153979815291 0.02964569775849603 0.060411311053984576
0 0.31328972342733186 0.94312131057793 0.033261026753434564 0.06041131105398447
0 0.23700628163412868 0.8550750380843569 0.02675343456254519 0.051413881748072016
0 0.3498045462762111 0.6243552437398838 0.02675343456254519 0.050128534704370196
0 0.5367170553145335 0.31715730029515377 0.03470715835140995 0.050128534704370196
0 0.49947916666666664 0.3460776087784443 0.035430224150397704 0.0334190231362468
0 0.49007931127982646 0.3293680972103209 0.0253073029645698 0.046272493573264774
0 0.3595659345625452 0.4405506164905265 0.021691973969631264 0.04241645244215941
0 0.26086745300072306 0.5253835213748453 0.03253796095444684 0.04241645244215936
0 0.32088191431670277 0.4604734956679044 0.02096890817064351 0.0334190231362468
0 0.29449001265365143 0.4720416190612206 0.020245842371655817 0.038560411311053935
0 0.4463338304410701 0.35571771160620774 0.026030368763557493 0.044987146529563
0 0.2088067154736081 0.6372087141769018 0.03976861894432394 0.05526992287917738
0 0.22182189985538686 0.5960776087784443 0.04844540853217642 0.05269922879177374
0 0.38306557302964567 0.7265403337141768 0.041214750542299325 0.03598971722365034
