1 0.8933259723044648 0.4843548822326169 0.1845965770171149 0.33840577498726226
1 0.7403104998177402 0.285804152066389 0.1132844584495339 0.18768114836319635
0 0.595852447236177 0.40863025560855104 0.08516709903633099 0.13478260869565215
0 0.5053878995589153 0.3329056289844851 0.08516709903633093 0.19637683370838996
0 0.6918182174073261 0.45609404583868013 0.08231456355535609 0.15869565217391302
1 0.3318929597701149 0.22555998093681917 0.11448275862068963 0.20588235294117646
0 0.5960084508315258 0.28759431829001236 0.08532176428054955 0.11182519280205655
1 0.6437307935647143 0.16741436970389412 0.05639913232104116 0.1722365038560411
0 0.9018652838033262 0.17962516661906122 0.14316702819956612 0.21979434447300772
1 0.9394647053506868 0.7805249095496525 0.11569052783803321 0.13367609254498708
1 0.627461813087491 0.8402935470817863 0.10195227765726678 0.17609254498714655
1 0.7474907357194505 0.9000621846139198 0.10773680404916845 0.1336760925449872
1 0.42391879067245114 0.05496658692754451 0.15184381778741868 0.11178502570694088
