0 0.4903104998177402 0.6542144947389859 0.03871233131016964 0.08419388480808426
0 0.4903104998177402 0.8694998208259423 0.05175221636709199 0.08985502823539399
0 0.804898902003903 0.5473983936647671 0.05582724573559747 0.07608695652173912
0 0.8892509802435119 0.7227606903911598 0.03871233131016964 0.04710149350373646
0 0.4471157033558094 0.7926882376801374 0.03463737655676956 0.06376813805621609
0 0.9644343543266416 0.8459490740740742 0.05297471025462255 0.07608695652173912
0 0.16899832528883013 0.549934603434638 0.03993478789014748 0.05652173913043484
0 0.25416540567138474 0.4847172121302902 0.031784841075794615 0.04927540654721465
0 0.4575069013998192 0.5129780816955075 0.03993475058259476 0.06376807171365487
0 0.40371717034847443 0.3484853170152256 0.04400977995110023 0.07101447063943617
0 0.732975499185004 0.44486215072361557 0.034229828850855765 0.06376813805621609
0 0.49499673882245826 0.4303693860433337 0.03178484107579464 0.06376807171365492
0 0.4897177783803326 0.6012189969532514 0.027476500361532884 0.05269922879177374
0 0.46477200831525667 0.5703706679044083 0.02096890817064351 0.04241645244215936
0 0.5121328181489515 0.5639439326858993 0.033261026753434564 0.050128534704370196
0 0.4850178506869125 0.5048179686756166 0.0253073029645698 0.05269922879177374
0 0.4705565347071583 0.44633467818718464 0.0253073029645698 0.06940874035989714
0 0.43693397505422993 0.4090596139198324 0.033261026753434564 0.06940874035989719
0 0.4033114154013015 0.39492079643911265 0.02819956616052058 0.04370179948586118
0 0.290874683658713 0.4122729815290869 0.030368763557483722 0.0475578406169666
0 0.5255095354302242 0.681553187184614 0.0253073029645698 0.0668380462724936
0 0.5027329627621114 0.7348950894982386 0.028922631959508335 0.05784061696658093
0 0.5164712129428778 0.8023758092925831 0.033261026753434564 0.09254498714652955
0 0.5287633315256689 0.9219130843568505 0.04049168474331169 0.08226221079691527
0 0.06455508857556037 0.23618043654194038 0.033261026753434564 0.06041131105398455
0 0.3140127892263196 0.14363544939541084 0.018799710773680426 0.05269922879177379
0 0.283282492769342 0.09929097638769875 0.01952277657266812 0.06426735218508998
0 0.2944900126536515 0.015763502094639625 0.031814895155459176 0.033378856041131104
0 0.7597828543022415 0.4617588427116062 0.03832248734634855 0.06426735218509
0 0.7847286243673173 0.49324984528230026 0.04338394793926241 0.04241645244215936
0 0.8516122107736804 0.558802544511092 0.0498915401301519 0.07069408740359896
0 0.8555890726681127 0.5093166833285729 0.026030368763557493 0.051413881748072016
0 0.9065652114967463 0.7728128272874417 0.044107013738250225 0.053984575835475564
0 0.9532029555314533 0.5960776087784443 0.040491684743311634 0.060411311053984576
0 0.9600720806218365 0.6577742668761306 0.03543022415039765 0.0784061696658098
0 0.8975268890093998 0.5812961177758735 0.036153289949385346 0.05912596401028276
0 0.8895731652205351 0.5260261948966961 0.030368763557483785 0.05912596401028276
0 0.8667965925524221 0.49196449823859856 0.03543022415039765 0.05269922879177374
0 0.9192188629790311 0.5356662977244597 0.027476500361532884 0.047557840616966544
0 0.8346201644974692 0.4572601280586499 0.028922631959508276 0.050128534704370196
0 0.8841501717281273 0.4392652694468247 0.03109182935647148 0.06298200514138817
0 0.9192188629790311 0.43926526944682476 0.031814895155459176 0.044987146529563
0 0.7138681760665222 0.3788539583928401 0.031814895155459176 0.05269922879177379
0 0.6321617407809109 0.4713989455393697 0.03470715835140995 0.05784061696658093
0 0.7821978940708605 0.3621444468247167 0.023861171366594408 0.03470437017994857
0 0.8002745390455532 0.44440665762163195 0.032537960954446866 0.06555269922879177
0 0.7518291305133767 0.34607760877844423 0.02964569775849597 0.04370179948586118
0 0.7583367227042661 0.3139439326858993 0.023861171366594408 0.05655526992287916
0 0.8002745390455532 0.3242267090355137 0.03109182935647148 0.04113110539845758
0 0.7261602946493132 0.32422670903551365 0.031814895155459176 0.04370179948586118
0 0.5533475686912508 0.475897660192326 0.03470715835140995 0.0668380462724936
0 0.2984668745480839 0.3068745239455394 0.032537960954446866 0.04241645244215936
0 0.6289079446854664 0.37885395839284014 0.023861171366594408 0.050128534704370196
0 0.9886331796818509 0.8023758092925831 0.021691973969631205 0.06940874035989714
0 0.525871068329718 0.5093166833285729 0.03326102675343462 0.0616966580976864
0 0.9026493940960257 0.8368115127995643 0.04341833218470015 0.07475490196078433
0 0.8830077676315184 0.9091154343681916 0.04548587181254303 0.07720588235294107
0 0.4574391942338617 0.22038994417211333 0.017229496898690577 0.03063725490196079
0 0.47225656156673557 0.22345366966230934 0.02343211578221916 0.039215686274509796
