0 0.39878951149425285 0.8603639025054466 0.07310344827586206 0.19607843137254902
0 0.22327227011494255 0.4902658632897604 0.12482758620689655 0.25490196078431376
0 0.104996408045977 0.25558449074074074 0.14620689655172414 0.2071078431372549
0 0.08258261494252875 0.4455354711328976 0.1606896551724138 0.2659313725490196
0 0.7884446839080459 0.11354251770152506 0.2082758620689655 0.22893688725490197
0 0.6032722701149424 0.1270229098583878 0.13999999999999999 0.2558976715686274
0 0.3377550287356322 0.4732238902505446 0.1082758620689655 0.2575827205882353
0 0.41327227011494255 0.5901433142701525 0.05241379310344829 0.14093137254901966
0 0.4156860632183908 0.4853639025054466 0.06965517241379313 0.1274509803921569
0 0.32258261494252877 0.13487370642701524 0.04758620689655171 0.09068627450980392
0 0.3522377873563219 0.21269233387799566 0.060000000000000026 0.0894607843137255
0 0.3777550287356322 0.28193252995642704 0.060000000000000026 0.08088235294117649
0 0.46534123563218394 0.18082958877995642 0.05034482758620692 0.17524509803921567
