0 0.6838720071383776 0.8495723067082454 0.11450695233706452 0.19637690005095104
0 0.2323063539407086 0.8460776087784443 0.09110629067245117 0.2236503856041131
0 0.2355601500361533 0.4405506164905265 0.05856832971800433 0.07583547557840621
0 0.1657843004338395 0.430910513662763 0.06362979031091828 0.10025706940874034
0 0.09926224692697036 0.36021642625916406 0.05350686912509038 0.09254498714652955
0 0.1538537147505423 0.2651007450252309 0.044107013738250184 0.08997429305912598
0 0.18566860990600145 0.3075171974673903 0.04699927693420101 0.07712082262210798
0 0.2471292028199566 0.35378969104065505 0.07447577729573389 0.08740359897172235
0 0.23664474873463484 0.2548179686756165 0.05061460592913954 0.09254498714652958
0 0.20989131417208964 0.2021187398838427 0.03904555314533624 0.051413881748071995
0 0.21206051156905276 0.13785138769875274 0.03759942154736079 0.07455012853470439
0 0.7229064985538685 0.6571315933542796 0.06290672451193054 0.06940874035989714
0 0.46513354121475053 0.6115017733028657 0.05639913232104122 0.07583547557840616
0 0.773521104483008 0.9643496203465677 0.10050614605929138 0.06944890745501292
