0 0.23277176263959992 0.5213114039717474 0.032192314166602995 0.06159422501273774
0 0.15493831344902384 0.8743552437398839 0.05061460592913954 0.11053984575835477
0 0.17879948481561822 0.5639439326858993 0.06218365871294287 0.11696658097686378
0 0.1759072216196674 0.45019071931829 0.05206073752711496 0.08483290488431876
0 0.1343309381778742 0.31330125916404833 0.03976861894432394 0.08354755784061695
0 0.20266065618221257 0.34993364990954967 0.03904555314533624 0.06169665809768635
0 0.1994068600867679 0.28502362420260874 0.045553145336225585 0.06298200514138817
0 0.23013715654374547 0.13463802008949824 0.030368763557483722 0.057840616966580966
0 0.44994915943600866 0.06908532086070647 0.040491684743311634 0.09897172236503857
0 0.4571798174258857 0.3576457321717605 0.04627621113521331 0.05655526992287916
0 0.664338168835864 0.1982626987527373 0.03976861894432394 0.06683804627249357
