0 0.3684686028092687 0.7568186724627459 0.04767729892124463 0.09202900762143346
0 0.5121116159403334 0.8495723067082454 0.07986957578029491 0.1442029870074728
0 0.2800415325087071 0.9332679588821584 0.07294212285347268 0.10869565217391297
0 0.8348500022484019 0.6658766545343322 0.08394460514880038 0.11304347826086956
0 0.6384359967543425 0.5771085164781162 0.05052979709466688 0.07753627611243206
0 0.4242958298910898 0.6492099768105721 0.055827245735597525 0.08985509457795521
0 0.30591765934602944 0.7227606903911598 0.05867970660146699 0.08043478260869572
0 0.2348092586700763 0.7807316827697264 0.0680521473033504 0.11086956521739132
0 0.3499274392971297 0.8810940458386801 0.05052979709466688 0.08550733483355984
0 0.2993976795100155 0.8176882045088567 0.039934825197700204 0.08043478260869572
0 0.3487049454095992 0.6303693860433337 0.05052979709466688 0.06666671089504074
