0 0.14536394660855517 0.7526833800079763 0.10905351050106098 0.13377192982456146
1 0.3908584770114942 0.9431993804466231 0.0986206896551724 0.111749387254902
0 0.4025826149425287 0.8499472358387801 0.060000000000000026 0.11397058823529416
0 0.841892959770115 0.7721286083877995 0.08344827586206899 0.11519607843137253
0 0.7860308908045978 0.6973737064270151 0.08482758620689654 0.15686274509803919
0 0.4653412356321839 0.6943099809368192 0.025517241379310343 0.07965686274509802
0 0.5274102011494253 0.8769080201525055 0.036551724137930994 0.09191176470588235
0 0.3905136494252873 0.4951678240740741 0.037241379310344824 0.05637254901960789
0 0.5387895114942528 0.6140403730936819 0.04965517241379314 0.1029411764705882
0 0.46085847701149424 0.867104098583878 0.042758620689655184 0.06004901960784316
0 0.5808584770114943 0.9634199686819171 0.06758620689655169 0.07130821078431379
0 0.9109036062906725 0.5369516447681615 0.08604483007953725 0.13496143958868895
0 0.80280526934201 0.2181855779301152 0.0737527114967462 0.17095115681233933
0 0.8548660068691251 0.4122729815290869 0.10412147505422997 0.1426735218508998
0 0.6954299981923354 0.6237125702180331 0.0947216196673897 0.2236503856041131
0 0.7868978217642806 0.5228128272874417 0.08966015907447572 0.15552699228791772
0 0.8451046185827911 0.6057177116062077 0.06579898770788144 0.14138817480719792
0 0.9278956525668836 0.251604601066362 0.05495300072306577 0.08611825192802056
0 0.8758349150397686 0.2348950894982386 0.06362979031091835 0.10154241645244219
0 0.9362109092552423 0.6911932900123774 0.09182935647143893 0.14524421593830328
