0 0.30734388977896415 0.6089925523349436 0.0721271393643032 0.12826086956521737
0 0.2594628729660917 0.8633404115931809 0.06682965341581984 0.1442029206649117
0 0.1657383540245995 0.9082679588821585 0.05704970231557533 0.11086956521739143
0 0.1753412356321839 0.7709031181917211 0.06482758620689655 0.13970588235294118
0 0.020513649425287356 0.546025667211329 0.04206896551724138 0.08700980392156865
0 0.1356860632183908 0.7972511574074075 0.03517241379310345 0.07965686274509802
0 0.280751762472885 0.2355377630200895 0.04627621113521328 0.07969151670951159
0 0.25472139370932756 0.16741436970389414 0.04049168474331166 0.06940874035989716
0 0.24857533441793203 0.2310390483671332 0.03398409255242229 0.07326478149100256
0 0.2673750451916124 0.2991624416833286 0.052783803326102656 0.06555269922879177
