0 0.25559165475809587 0.46116649854970254 0.09576203362574495 0.13985509457795517
0 0.7390880059302096 0.17928241293595418 0.057049739623128086 0.09202897445015287
0 0.33118252058581016 0.45971721213029015 0.05297471025462255 0.11376807171365493
0 0.6844832913896953 0.9260215599563771 0.04889975550122247 0.08985502823539399
0 0.48358678343632205 0.23145632597943247 0.05215976407300579 0.06884059076723846
0 0.18489074582672743 0.08616648196406218 0.03993478789014748 0.07101450381071671
0 0.3605223738865437 0.24558676076204114 0.04808473470450032 0.044927547288977576
0 0.2906364670981211 0.19739836049348647 0.04360226955273916 0.04710142716117526
0 0.38517600683633546 0.4271085164781162 0.0493072658995836 0.11376807171365487
0 0.4829755364925568 0.3416012479871176 0.032192314166602995 0.0847826086956522
0 0.36887958017459227 0.5384046500544661 0.056512749827705024 0.09313725490196081
0 0.44365559671490934 0.7136497480936819 0.04066161268090974 0.08088235294117649
0 0.509816864805881 0.3858311206427015 0.03101309441764298 0.08700980392156861
0 0.4274598696301402 0.12909092456427015 0.04272915230875262 0.053921568627451
0 0.33304222662531585 0.07823308142701525 0.03445899379738109 0.06985294117647059
0 0.30099536239375146 0.05494876770152505 0.035148173673328745 0.0551470588235294
0 0.24034753331036068 0.01751387186819172 0.03376981392143351 0.036879595588235295
0 0.20209805019526764 0.012611911083877997 0.03997243280496209 0.027075674019607844
0 0.15488922869285554 0.018126616966230934 0.039283252929014474 0.03810508578431372
0 0.6290449833448197 0.09416445397603486 0.0792556857339766 0.1556372549019608
0 0.8357989461291064 0.06842915985838781 0.06133700895933837 0.09926470588235295
0 0.7107127986446129 0.301885042211329 0.05237767057201926 0.12254901960784316
