0 0.24598123055917243 0.5988090998480426 0.08724278579523531 0.15497073792574692
0 0.06820345278139467 0.3550225389863548 0.11275721420476464 0.10745614035087717
0 0.3233474919825424 0.49244945072523566 0.09958850248360337 0.17178364803916532
0 0.18363557038483797 0.48660148635477585 0.10740740740740741 0.1118421052631579
0 0.5618248833550347 0.7811921519378008 0.10082307038483797 0.17178358111465192
0 0.46696890371817124 0.6814114501834148 0.069958797501929 0.12426905046429552
0 0.1708783561800733 0.40180618702552007 0.07366257655767745 0.08552631578947367
0 0.43137222101658945 0.5425225724486115 0.09012345679012347 0.12426898353978212
0 0.8107960642119983 0.47454008284600385 0.09670786916473766 0.13157894736842107
0 0.7998826188852319 0.6752853317881871 0.12182689065353298 0.18330486836940252
0 0.2558540805191822 0.4507821010348584 0.06064782908339078 0.08210784313725486
0 0.6355921921663222 0.9415334797113291 0.11991729841488627 0.11508118872549018
0 0.5360057000918907 0.619899748093682 0.06271536871123361 0.12132352941176469
0 0.5098168648058811 0.5384046500544661 0.05168849069607173 0.11029411764705883
0 0.5111952245577762 0.4305615127995643 0.06822880771881466 0.12990196078431368
0 0.922291020560533 0.7773752382897604 0.1378359751895245 0.2107843137254902
1 0.6535108689409603 0.24122327750544664 0.09924190213645759 0.21446078431372553
0 0.9209126608086378 0.5684291598583878 0.14472777394900072 0.1654411764705882
0 0.4246418564714389 0.37564059078358564 0.062183658712942895 0.10539845758354759
0 0.4734487979031092 0.28309560363705605 0.07447577729573389 0.16195372750642673
0 0.4434415672451193 0.14684881700466532 0.04627621113521331 0.11053984575835477
0 0.07865487165582068 0.027331625487955823 0.09327548806941431 0.0565151028277635
1 0.29513733344819665 0.20562661696623094 0.16540317022742934 0.3491498161764706
0 0.5959643492993338 0.5200222971132897 0.0902825637491386 0.22058823529411767
0 0.69417248162187 0.841713473583878 0.10337698139214334 0.22916666666666677
0 0.7920360240064324 0.8656105324074075 0.12129565816678156 0.232843137254902
0 0.9670877124971285 0.9599158326525055 0.06478290833907654 0.0783164828431373
0 0.6417948110498507 0.6799487677015251 0.09786354238456241 0.1875
