0 0.6531059234047092 0.26225343848580135 0.12795431048479528 0.21014493859332545
0 0.5760888084902838 0.4930505675778106 0.12795431048479528 0.18913043478260874
0 0.6040024313580825 0.7296447594192678 0.15933167846978147 0.24637683370838995
1 0.15901463764318144 0.27058677734768144 0.0786471192003171 0.13695652173913045
0 0.5121328181489515 0.3460776087784443 0.10412147505422997 0.20051413881748073
0 0.5446707791033985 0.09672028230029515 0.13738250180766448 0.1748071979434447
0 0.7955746113521331 0.0742467925830715 0.1677512653651482 0.15034543701799485
0 0.4571798174258858 0.36021642625916406 0.06941431670281997 0.15681233933161956
0 0.421749593275488 0.5131727244596782 0.06362979031091828 0.16966580976863752
0 0.24242927512653653 0.2541752951537656 0.0809833694866233 0.09383033419023137
0 0.19723766268980478 0.12949663191469105 0.05567606652205352 0.08354755784061695
