0 0.27678154259070015 0.8079056289844851 0.12265686184386461 0.19855074675186818
0 0.5021279282946848 0.7191374909282692 0.09168704156479214 0.18768118153447697
0 0.40310590475093283 0.7760215599563771 0.08272207395371715 0.17246372388756795
0 0.6704245743755413 0.6810940126673997 0.09331700854313105 0.20144925324813184
0 0.5726250633730963 0.8897896648413126 0.06805218461090318 0.15362316629161007
0 0.5912033045977012 0.7243344907407407 0.06758620689655169 0.13725490196078433
0 0.47568606321839085 0.9419738902505448 0.12620689655172418 0.11420036764705883
0 0.21672054597701151 0.962807223583878 0.10620689655172416 0.07253370098039216
0 0.35258261494252874 0.9289913534858388 0.10206896551724137 0.12745098039215685
0 0.6656860632183907 0.8646531181917211 0.0703448275862069 0.15563725490196081
0 0.753636795010846 0.9386426794725317 0.10845986984815614 0.12086278920308484
0 0.6386693329718004 0.9842724995239455 0.07086044830079541 0.02960314910025701
