0 0.3093813858094406 0.7118911251737685 0.07049713507841152 0.12536236306895382
0 0.3334237531616908 0.474934603434638 0.07049713507841152 0.12536236306895376
0 0.19956069113087055 0.8231229871175525 0.061124694376528114 0.12608695652173912
0 0.19603089080459768 0.7010501770152505 0.06758620689655173 0.1348039215686275
0 0.1474102011494253 0.7470060593681918 0.03517241379310345 0.08455882352941181
0 0.28154813218390806 0.9548415373093682 0.08689655172413795 0.08846507352941181
0 0.2612289859002169 0.2522472745882129 0.041937816341287085 0.0668380462724936
0 0.22362956435285608 0.27602619489669616 0.04483007953723789 0.07326478149100256
0 0.24062161062906726 0.35764573217176043 0.049891540130151846 0.07712082262210798
0 0.2297756236442516 0.2046894339712463 0.02819956616052061 0.05912596401028278
0 0.7514675976138827 0.9167917797296011 0.11135213304410704 0.16456458868894602
