0 0.1987456889879247 0.8655142914653785 0.06519968643748089 0.11086956521739132
0 0.3432037229157116 0.7589925523349438 0.06886720540762532 0.10652173913043483
0 0.2741327996164585 0.8691375240995498 0.0717196289659421 0.13695652173913045
0 0.564067643467935 0.5473983604934864 0.042787286063569734 0.057246398925781254
0 0.41696082925835376 0.5140650382172467 0.06234718826405867 0.07608695652173912
0 0.3696910780430229 0.6502969333323112 0.06642214301745876 0.08333335544752038
0 0.5467489551895502 0.6147896648413126 0.06682961610826717 0.09637683370838994
0 0.14672054597701148 0.8156335103485838 0.05862068965517242 0.12132352941176469
0 0.07327227011494253 0.938182529956427 0.10620689655172415 0.116421568627451
0 0.33327227011494254 0.9032560593681916 0.07448275862068965 0.12990196078431368
0 0.3046515804597701 0.7139178240740741 0.06413793103448277 0.10661764705882351
0 0.3643067528735633 0.5031335103485838 0.04827586206896554 0.05514705882352936
0 0.18775502873563218 0.6673491966230938 0.060689655172413794 0.09436274509803919
0 0.14844468390804597 0.6863442946623094 0.042758620689655184 0.07843137254901965
0 0.31112052603036877 0.6115017733028659 0.05061460592913954 0.06812339331619542
0 0.29702074295010844 0.5633012591640483 0.05856832971800436 0.07969151670951152
0 0.30533599963846714 0.5176714391126344 0.026030368763557493 0.04241645244215936
0 0.355227539768619 0.44569200466533376 0.04483007953723792 0.06812339331619542
0 0.4275341196673897 0.4553321074930972 0.040491684743311634 0.048843187660668426
0 0.4654950741142444 0.4977485599352566 0.041214750542299325 0.053984575835475564
0 0.5070713575560376 0.5118873774159763 0.04627621113521331 0.053984575835475564
0 0.4882716467823571 0.5909362206036372 0.05061460592913954 0.07069408740359896
0 0.4329571131597975 0.5909362206036372 0.03832248734634855 0.07069408740359896
0 0.5866085954446855 0.4893938041511949 0.03470715835140995 0.050128534704370196
0 0.24206774222704266 0.6076457321717605 0.032537960954446866 0.050128534704370196
0 0.21531430766449747 0.5722986884699609 0.054229934924078106 0.04884318766066837
0 0.16506123463485178 0.6147151409121203 0.028922631959508303 0.08226221079691516
0 0.241344676428055 0.681553187184614 0.04844540853217642 0.10025706940874039
0 0.3736657176428055 0.5806534442540227 0.051337671728127234 0.08097686375321335
0 0.11733889190166306 0.5832241383414263 0.05639913232104122 0.07069408740359896
0 0.1028775759219089 0.668057043225745 0.04483007953723789 0.06812339331619542
0 0.36426586225596524 0.9765604172617348 0.06146059291395514 0.04502731362467869
