0 0.7423479771944402 0.4372534219001611 0.06112469437652817 0.16304347826086957
0 0.7549803891605542 0.14051430805101875 0.04645476772616135 0.1463768005371094
0 0.49803303506869123 0.17962516661906122 0.041214750542299325 0.08097686375321336
0 0.5197250090383225 0.10700305864990957 0.035430224150397704 0.08740359897172237
0 0.5504553054953001 0.04918252523088641 0.04338394793926247 0.10021690231362468
0 0.6386693329718004 0.12628326430543654 0.06362979031091835 0.08483290488431874
0 0.6928992678958785 0.03761440183757022 0.08242950108459865 0.0770806555269923
0 0.8017206706435286 0.03761440183757022 0.07447577729573389 0.0770806555269923
0 0.8208819143167028 0.14170742882985812 0.08242950108459865 0.13624678663239076
0 0.8046129338394794 0.2953064005522232 0.08749096167751264 0.1503856041131105
0 0.7427908080260304 0.28245293011520517 0.0477223427331887 0.11439588688946016
0 0.7623135845986985 0.69312131057793 0.031814895155459176 0.07455012853470433
0 0.7344755513376717 0.834509485385128 0.041214750542299325 0.0616966580976864
0 0.6957915310918293 0.8794966319146911 0.04193781634128702 0.07197943444730079
0 0.6824148138105568 0.8075171974673903 0.032537960954446866 0.06940874035989714
0 0.6672304320318149 0.6931213105779301 0.03832248734634855 0.07712082262210798
0 0.6292694775849602 0.9746323966961821 0.04483007953723792 0.04888335475578406
0 0.5175558116413593 0.9656148838427115 0.032537960954446866 0.05912596401028276
