0 0.3619486229732548 0.7644273681149201 0.06397719254995037 0.11594205109969433
0 0.5094628916198681 0.8626157849691151 0.07212713936430314 0.13260869565217395
0 0.8175313512775698 0.6705867773476815 0.0810921442829309 0.12246372388756795
0 0.42164710557062446 0.66805053440653 0.061124694376528114 0.08550726849099861
0 0.23073426660912352 0.8010215599563771 0.07294212285347265 0.0992754065472147
0 0.3466674307253464 0.9050070893169411 0.04645476772616135 0.09420298700747291
0 0.5249478017594043 0.7347172121302902 0.05175221636709194 0.08985502823539399
0 0.28207900988540713 0.9510215599563772 0.06642218032501149 0.09202894127887223
0 0.3434074594611158 0.6455867773476816 0.05052972247956144 0.06376807171365487
0 0.2741327996164585 0.6966737338694207 0.048084772012053044 0.07608695652173912
0 0.2991939429646114 0.8423259077824642 0.04523227383863079 0.08333328910495925
0 0.5467489551895502 0.6339925855062242 0.04237973835765588 0.06376813805621609
