0 0.6366022559230466 0.3169635778847908 0.051752290982197496 0.09202900762143346
0 0.6531059234047092 0.4010215599563771 0.06112469437652817 0.11376807171365493
0 0.5514351941942682 0.41152882844737576 0.07049717238596423 0.1304347826086957
0 0.17633328861401348 0.7876157849691149 0.08883454339136995 0.11594211744225544
0 0.21300810523993038 0.5713114371430279 0.07986961308784765 0.12826086956521737
0 0.4405493040491684 0.42833981957535944 0.0477223427331887 0.10025706940874039
0 0.4969484363702097 0.4174143697038942 0.04627621113521331 0.11182519280205659
0 0.49333310737527114 0.28952233885556505 0.05061460592913954 0.08997429305912595
0 0.676630287418655 0.24710588641340572 0.04699927693420101 0.08740359897172238
0 0.4701950018076645 0.3473629558221461 0.033261026753434564 0.07969151670951158
0 0.39608075741142446 0.40391822574502523 0.03976861894432394 0.07969151670951158
0 0.4459722975415763 0.3396508735599353 0.03832248734634855 0.07969151670951158
0 0.19181466919739695 0.4649722103208607 0.0838756326825741 0.08611825192802053
0 0.4481414949385394 0.24389251880415122 0.041214750542299325 0.07583547557840618
0 0.35647434240753506 0.29208112064270153 0.044107512060647856 0.071078431372549
0 0.37852809843785895 0.23877229711328976 0.03997243280496209 0.0625
0 0.22001672696990582 0.358870336328976 0.05789110957960029 0.07720588235294118
0 0.23586786411670116 0.2663458265250545 0.04962095106822882 0.07107843137254903
0 0.2465501521938893 0.21793896377995642 0.0392832529290145 0.06985294117647062
0 0.32098157879623246 0.2087477873093682 0.043418332184700204 0.06862745098039214
0 0.2823875057431656 0.1811742578976035 0.04203997243280494 0.07720588235294118
