0 0.21015562572028448 0.7723983936647671 0.11735941320293398 0.15652173913043485
0 0.8719323292726798 0.2742099768105721 0.04400977995110023 0.08768118153447693
0 0.915127088427058 0.3401519947389858 0.026894865525672527 0.05
0 0.06120330459770115 0.8401433142701525 0.12344827586206897 0.2561274509803923
0 0.5732722701149425 0.9571776279956428 0.09517241379310347 0.08333333333333334
0 0.9549964080459771 0.3781335103485839 0.042068965517241354 0.08455882352941176
0 0.9394791666666668 0.5711482162309368 0.04551724137931039 0.08333333333333334
0 0.974996408045977 0.4669815495642701 0.04896551724137931 0.0759803921568627
0 0.9604336135213304 0.7368231100637913 0.05495300072306577 0.089974293059126
0 0.9654950741142444 0.675126451966105 0.052060737527114986 0.0616966580976864
0 0.978510258496023 0.5504477887270303 0.031814895155459176 0.08226221079691516
0 0.9738103308026032 0.21690023088641341 0.04555314533622561 0.09125964010282775
0 0.9698334689081707 0.13078197895839283 0.0506146059291396 0.05784061696658098
0 0.9767025939985539 0.06458660620775017 0.03976861894432394 0.06426735218508997
0 0.9904408441793203 0.40199020517947254 0.018076644974692732 0.07583547557840616
