0 0.16141332932460456 0.8722009238676253 0.07366253888165508 0.1286550153765762
0 0.10894419352213541 0.7219816256220112 0.06584363395785106 0.10014624344675165
0 0.3770511956862461 0.5593354490997731 0.03744853455343365 0.05701754385964911
0 0.05226296999276934 0.955994864562506 0.08821402747650037 0.08615841902313633
0 0.17446109002169194 0.7400364776730458 0.05206073752711496 0.07583547557840616
0 0.13541553687635577 0.41291565505093775 0.04483007953723789 0.06683804627249354
0 0.23809088033261025 0.2593166833285728 0.0361532899493854 0.08611825192802058
0 0.2341140184381779 0.18091051366276303 0.042660882140274775 0.08097686375321336
0 0.1968761297903109 0.19890537227458824 0.034707158351409986 0.05526992287917738
0 0.61986962219812 0.36664316147767306 0.040491684743311634 0.059125964010282805
0 0.6231234182935647 0.32808275016661903 0.03687635574837304 0.046272493573264774
0 0.6198696221981201 0.28373827715890704 0.031814895155459176 0.05784061696658098
0 0.5960084508315258 0.23875113062934403 0.04916847433116409 0.09383033419023137
0 0.3631812635574837 0.32744007664476815 0.031814895155459176 0.06555269922879177
0 0.33606629609544464 0.48682311006379125 0.02386117136659435 0.05269922879177374
0 0.1437307935647144 0.6339953465676474 0.04989154013015186 0.04884318766066837
0 0.6404769974692697 0.4444066576216319 0.023861171366594408 0.0475578406169666
0 0.5153866142443961 0.3467202823002951 0.035430224150397704 0.06555269922879177
0 0.5482861080983369 0.29980511520517944 0.039045553145336184 0.059125964010282805
0 0.516109680043384 0.27088480672188897 0.02819956616052058 0.06555269922879177
0 0.1824564237307604 0.38644386574074074 0.03376981392143348 0.0514705882352941
