0 0.10991112694277838 0.6539200996239212 0.136919315403423 0.15144925324813183
0 0.33322003527006294 0.5995722735369647 0.08883458069892267 0.16159422501273774
0 0.2594628729660917 0.509354882232617 0.052974747562175274 0.08985509457795521
0 0.25009043226420835 0.9343549154038975 0.09861449449161448 0.11086956521739122
0 0.36535046095444684 0.7522472745882129 0.07664497469269703 0.10025706940874039
0 0.3910192968185105 0.8370801794725317 0.06435285610990599 0.0951156812339332
0 0.45645675162689797 0.6224272231743311 0.06507592190889368 0.11053984575835477
0 0.5117712852494577 0.7522472745882129 0.05567606652205352 0.08226221079691516
0 0.42934178416485896 0.7175429044082642 0.051337671728127234 0.09254498714652955
0 0.4832101861894432 0.699548045796439 0.060737527114967445 0.07455012853470433
0 0.3436584869848156 0.3300107707321717 0.08821402747650034 0.13496143958868895
0 0.13035407628344178 0.4630441897553081 0.07375271149674618 0.18508997429305915
0 0.048286108098336944 0.5420930329429686 0.08749096167751265 0.1606683804627249
0 0.015025081344902385 0.4315531871846139 0.031091829356471437 0.09897172236503857
0 0.2247141630513377 0.40263287870132347 0.09327548806941435 0.17480719794344476
0 0.43512631055676065 0.3293680972103209 0.07158351409978311 0.13110539845758354
