0 0.489495479021018 0.5535578028975287 0.09820698409325335 0.15362316629161007
0 0.4105420733911785 0.7554606421974674 0.09182935647143886 0.12724935732647816
0 0.9242803235719449 0.6828385342283158 0.13593637020968904 0.17737789203084836
0 0.43765704085321766 0.2522472745882129 0.041937816341287085 0.07455012853470436
0 0.48610244938539404 0.28309560363705605 0.04916847433116415 0.08483290488431876
0 0.5012868311641359 0.2271830072360278 0.05495300072306577 0.05526992287917738
0 0.5114097523499639 0.1815531871846139 0.052060737527114986 0.07455012853470439
0 0.5121328181489515 0.12885395839284017 0.046276211135213255 0.05912596401028278
0 0.4528414226319595 0.11921385556507663 0.028922631959508335 0.05269922879177378
0 0.39788842190889373 0.17062773731314862 0.041937816341287085 0.09897172236503857
0 0.503817561460593 0.04209303294296868 0.049891540130151846 0.05784061696658097
0 0.4705565347071583 0.1436354493954108 0.041214750542299325 0.08097686375321336
0 0.4535644884309472 0.04594907407407407 0.03470715835140995 0.05012853470437019
