0 0.09495242083514178 0.332727239657099 0.1152263311692226 0.1286550153765762
0 0.19454089506172836 0.469788643165871 0.09135802469135801 0.1366958618164063
0 0.18659150298644617 0.38644386574074074 0.07787732598208133 0.07843137254901959
0 0.33717730588100164 0.48632131672113293 0.11440385940730528 0.1801470588235294
0 0.27411734723179415 0.43301249319172114 0.0640937284631289 0.09803921568627456
0 0.622842364461291 0.5353409245642701 0.12474155754651962 0.20220588235294118
0 0.7947927435102229 0.8864438657407407 0.12543073742246733 0.20833333333333334
0 0.5263571818286239 0.42994876770152507 0.06822880771881461 0.1139705882352941
0 0.5470325781070526 0.6297036696623094 0.07098552722260514 0.11397058823529416
0 0.5628837152538481 0.7895726953976034 0.11509303928325304 0.1910615808823531
0 0.8351097662531587 0.5194095520152505 0.11371467953135762 0.15318627450980388
0 0.8127114202848611 0.6879144539760349 0.11853893866299098 0.13725490196078433
0 0.7024426401332415 0.861321316721133 0.08545830461750512 0.17524509803921567
0 0.6476528399954056 0.7191644539760348 0.0778773259820813 0.1482843137254902
0 0.6052682776246266 0.37296347358387794 0.09372846312887664 0.13725490196078427
0 0.47156738169078793 0.17627229711328976 0.08132322536181942 0.14093137254901963
0 0.5149857138754882 0.28227719907407406 0.09924190213645764 0.1715686274509804
1 0.6748754450953366 0.2583801402505447 0.09924190213645759 0.22671568627450983
0 0.4485030278380332 0.37628326430543657 0.07809110629067242 0.14524421593830333
0 0.961518212219812 0.6384940612206036 0.07592190889370928 0.2017994858611825
0 0.9022268167028199 0.6269259378272874 0.09327548806941431 0.1632390745501285
0 0.25895538996094647 0.5819095520152505 0.10682288077188146 0.1654411764705882
1 0.3643999109809328 0.24306151279956426 0.09993108201240523 0.2622549019607843
1 0.25826621008499884 0.12112523828976034 0.06685044796691937 0.13602941176470587
0 0.6349030122903745 0.9433717150054466 0.13094417643004827 0.11140471813725497
0 0.47053361187686654 0.6701448461328976 0.0696071674707099 0.15073529411764702
0 0.9415880570870665 0.9206427015250545 0.08821502412129571 0.1568627450980393
