0 0.14760470091082162 0.7035577697262482 0.0745721271393643 0.10869565217391308
0 0.055917650019141264 0.6365288284473757 0.07457214579314068 0.10652173913043483
0 0.06392483684612488 0.35492794443223685 0.06670768164597356 0.12044810061349784
0 0.17694453555777875 0.23036938604333362 0.05827219620310589 0.10869565217391308
0 0.6877432253463733 0.38761578496911486 0.06112469437652817 0.1347826086956522
0 0.4947929649695013 0.648123020288833 0.05582717112049202 0.12101447063943611
0 0.09972366544417277 0.1843548822326169 0.0904645476772616 0.1398550945779552
0 0.038524719812002894 0.4720416190612206 0.07664497469269703 0.15167095115681237
0 0.018640410339840926 0.2567459892411692 0.038322487346348515 0.15552699228791775
0 0.027317199927693422 0.13528069361134915 0.05422993492407809 0.12082262210796915
0 0.19796072848879248 0.14042208178615634 0.04699927693420101 0.08997429305912595
0 0.24785226861894433 0.18862259592497382 0.042660882140274775 0.09897172236503857
0 0.285813223065799 0.27923956250595067 0.043383947939262445 0.08997429305912598
0 0.13939239877078813 0.11921385556507666 0.04844540853217641 0.11182519280205656
0 0.6173388919016631 0.4707562720175188 0.0730296456977585 0.1516709511568123
0 0.5522629699927694 0.5793680972103209 0.06435285610990604 0.13239074550128535
0 0.5291248644251627 0.5061033157193183 0.054229934924078134 0.07326478149100256
0 0.4871870480838756 0.40713159335427973 0.04410701373825017 0.09897172236503857
0 0.4882716467823572 0.2747408478529944 0.05350686912509038 0.11439588688946016
0 0.6936223336948663 0.26188737741597634 0.06507592190889373 0.06812339331619537
0 0.6318002078814172 0.30880254451109207 0.03543022415039765 0.13881748071979438
0 0.5775702729573391 0.3994195110920689 0.04699927693420101 0.11439588688946013
0 0.9665796728127259 0.056874523945539365 0.06290672451193054 0.11311053984575835
0 0.7022991232827188 0.2059747810149481 0.0723065798987708 0.12339331619537275
0 0.20555291937816342 0.054946503379986675 0.06652205350686913 0.09897172236503857
0 0.5237018709327548 0.4225557578787013 0.039045553145336184 0.09640102827763497
0 0.14734612255965293 0.03891983242882986 0.03687635574837311 0.07969151670951158
0 0.6834994125090383 0.12628326430543654 0.0506146059291396 0.08997429305912595
0 0.5417785159074475 0.3229413619918119 0.05061460592913954 0.10282776349614399
