0 0.352977121612172 0.5724933438366152 0.05102878146701387 0.08333333333333334
0 0.15071375340591242 0.40180618702552007 0.06872426727671682 0.10014624344675165
0 0.28836807439356676 0.43506643209773427 0.04855968334056714 0.07163740459241363
0 0.21820657086044828 0.5414503594211177 0.049891540130151846 0.08226221079691516
0 0.2724365057845264 0.5183141126344852 0.04121475054229936 0.07455012853470433
0 0.21314511026753433 0.4649722103208608 0.038322487346348515 0.05784061696658098
0 0.24279080802603037 0.43412388127201756 0.02819956616052061 0.044987146529563
0 0.36535046095444684 0.4624015162334571 0.04483007953723786 0.07583547557840621
0 0.4250033893709327 0.40006218461391985 0.02819956616052058 0.06940874035989719
0 0.43982623825018075 0.31651462677330283 0.0361532899493854 0.046272493573264774
0 0.38198097433116407 0.4058462463105779 0.03470715835140995 0.07069408740359896
0 0.36679659255242225 0.36021642625916406 0.030368763557483722 0.04884318766066837
0 0.31328972342733186 0.37756861134913833 0.03759942154736079 0.04241645244215936
0 0.3226895788141721 0.322298688469961 0.03470715835140995 0.05784061696658098
0 0.25472139370932756 0.3525043439969533 0.041937816341287085 0.06426735218509
0 0.20808364967462034 0.38592336713319997 0.03543022415039768 0.05655526992287916
0 0.09383925343456254 0.41355832857278874 0.04121475054229936 0.06812339331619537
0 0.21712197216196671 0.29594907407407406 0.037599421547360824 0.046272493573264774
0 0.3870424349240781 0.2991624416833286 0.033261026753434564 0.06298200514138817
0 0.6654227675343456 0.40391822574502523 0.04193781634128702 0.10282776349614399
0 0.7218218998553868 0.28245293011520517 0.040491684743311634 0.09897172236503857
0 0.6881993402024584 0.308802544511092 0.048445408532176396 0.09511568123393314
0 0.3660735267534346 0.2406791511948967 0.041937816341287085 0.05912596401028278
0 0.30786672993492403 0.23939380415119488 0.042660882140274775 0.04113110539845758
0 0.27279803868402025 0.2683141126344854 0.034707158351409986 0.050128534704370196
0 0.24568307122198121 0.24132182471674757 0.032537960954446866 0.03984575835475576
0 0.1806071493130875 0.31458660620775014 0.03976861894432394 0.06555269922879177
0 0.15385371475054227 0.29787709463962675 0.038322487346348515 0.050128534704370196
0 0.05515523318872017 0.27923956250595067 0.03759942154736081 0.04113110539845758
0 0.10974670101229211 0.2625300509378273 0.0455531453362256 0.04884318766066837
0 0.11661582610267533 0.3377228529943826 0.03326102675343455 0.060411311053984576
0 0.09745458242950109 0.32422670903551365 0.031091829356471434 0.05912596401028276
0 0.15674597794649311 0.23553776302008947 0.03543022415039768 0.06169665809768635
0 0.4770641268980477 0.024098174331143484 0.02819956616052058 0.04498714652956298
0 0.38487323752711494 0.027974299009806722 0.027476500361532884 0.0578004498714653
0 0.23411401843817783 0.18348120775016663 0.04121475054229936 0.05526992287917738
0 0.3194357827187274 0.14170742882985812 0.03109182935647142 0.06426735218508996
0 0.28255942697035435 0.13656604065505093 0.02241503976861896 0.03856041131105399
0 0.18856087310195227 0.16420100209463964 0.0368763557483731 0.050128534704370196
0 0.1994068600867679 0.2310390483671332 0.031091829356471447 0.024421593830334185
0 0.16903809652928417 0.11985652908692754 0.031091829356471447 0.046272493573264774
0 0.019001943239334778 0.12692593782728745 0.03470715835140997 0.07069408740359898
0 0.11733889190166306 0.2149722103208607 0.02603036876355748 0.03341902313624677
0 0.4109036062906724 0.4546894339712463 0.026030368763557493 0.03470437017994857
0 0.6910916033984091 0.48810845710749307 0.032537960954446866 0.047557840616966544
0 0.19759919558929862 0.02925964605350852 0.0361532899493854 0.06037114395886889
