0 0.5593813671556643 0.6513838898540504 0.07579462102689488 0.14202900762143345
0 0.45037567462004 0.8147896648413127 0.07864708189276434 0.14710142716117525
0 0.10318741056136027 0.6550070561456603 0.09168704156479218 0.15362316629161007
0 0.3238475572606268 0.6905142914653785 0.07334963325183376 0.1304347826086957
0 0.36968885574837307 0.5620159121203466 0.08821402747650034 0.14395886889460158
0 0.3103974602313811 0.5118873774159763 0.062183658712942895 0.11311053984575832
0 0.07829333875632681 0.5028899481100638 0.06652205350686911 0.11568123393316192
0 0.01827887744034707 0.5864375059506808 0.03759942154736081 0.11825192802056551
0 0.3454661514822849 0.9733470496524803 0.0730296456977585 0.0514540488431877
0 0.07359341106290672 0.9200051473388555 0.0918293564714389 0.15813785347043702
0 0.04105545010845987 0.8190853208607064 0.08170643528561099 0.13110539845758354
0 0.015748147143890095 0.725897660192326 0.03253796095444685 0.11439588688946013
0 0.009963620751988431 0.2689567861563363 0.02096890817064353 0.09254498714652958
0 0.010325153651482285 0.9521187398838428 0.021691973969631236 0.08611825192802053
