0 0.6537171703484745 0.31334039500754046 0.07049709777085884 0.0949275472889776
0 0.5699763390526309 0.4093548822326169 0.06519972374503358 0.09710142716117529
0 0.2301230196653582 0.5901519947389859 0.07416461674100319 0.10362323263417118
0 0.22156556245264428 0.4789200996239213 0.06764467421254201 0.08550726849099867
0 0.18163075590872046 0.8046447262479873 0.07823960880195599 0.10652173913043483
0 0.8307750474950018 0.03537390397174731 0.06519964912992814 0.07259965979534647
0 0.4595443787765192 0.426746186580443 0.057049739623128086 0.12753620976987096
0 0.4509869215638053 0.06225342190016104 0.07986957578029497 0.10869565217391305
0 0.6698239942528734 0.392839392701525 0.06068965517241374 0.09191176470588235
0 0.7008584770114943 0.23658939270152507 0.04827586206896548 0.08333333333333336
0 0.518640410339841 0.4360519018375702 0.041937816341287085 0.12339331619537275
0 0.40909594179320313 0.40841694039798154 0.057122198120028916 0.07583547557840616
0 0.3754733821402747 0.35443236456250593 0.04916847433116415 0.07069408740359896
0 0.3758349150397686 0.29402105350852137 0.04555314533622561 0.07583547557840616
0 0.18711474150397683 0.4681855779301152 0.03253796095444684 0.0616966580976864
0 0.19145313629790311 0.5363089712463106 0.0368763557483731 0.053984575835475564
0 0.508517489154013 0.2882369918118633 0.05206073752711493 0.08226221079691516
0 0.4647720083152567 0.2625300509378273 0.052783803326102684 0.09511568123393317
0 0.23242196473696305 0.3723507284858388 0.05651274982770505 0.08210784313725492
0 0.33304222662531585 0.25654190495642704 0.049620951068228794 0.08578431372549018
0 0.9209126608086377 0.8839354404956428 0.1571330117160579 0.2302772671568628
