0 0.476863067054904 0.8408766545343325 0.09739203791163664 0.1891304347826087
0 0.37534123563218386 0.9468758510348584 0.08551724137931031 0.10439644607843135
0 0.5167205459770114 0.1410011574074074 0.042758620689655184 0.09803921568627451
0 0.2939619252873563 0.1367119417211329 0.051034482758620686 0.12132352941176472
0 0.3822377873563218 0.20717762799564274 0.04551724137931033 0.08333333333333336
0 0.49223778735632184 0.2837707652505446 0.0379310344827586 0.06985294117647059
0 0.4560308908045977 0.26906488289760344 0.042758620689655184 0.07230392156862743
0 0.41534123563218395 0.10730017701525055 0.05241379310344829 0.09436274509803923
0 0.461548132183908 0.17408939270152507 0.03999999999999997 0.08088235294117646
0 0.4429274425287356 0.20656488289760347 0.04413793103448273 0.057598039215686264
0 0.46332587671728126 0.05109046224888128 0.04555314533622561 0.09897172236503857
0 0.2930438810556761 0.020904890269446825 0.06652205350686913 0.0436616323907455
