0 0.18427949888296216 0.806818672462746 0.08109210697537822 0.1442029206649117
0 0.2953227061028391 0.8115287952760952 0.048084772012053044 0.09275360107421875
0 0.4795117913753693 0.911166465378422 0.04400977995110023 0.10652173913043474
0 0.29797143042330443 0.6506592632299845 0.055827208428044804 0.07826086956521737
0 0.30204640383048087 0.4966737338694206 0.04767726161369197 0.08333328910495925
0 0.10644738182559087 0.5655143246366592 0.07457212713936429 0.1253622967263927
0 0.18224202150626212 0.636166465378422 0.05827219620310589 0.07826086956521737
0 0.10298365536217974 0.4100795088566828 0.08394456784124771 0.10869565217391308
0 0.6231548231602104 0.30971721213029013 0.04115724447012532 0.07753627611243206
0 0.2221768093964096 0.335441838754356 0.061532204774889215 0.06376813805621603
