0 0.8886397706072994 0.2350795254423231 0.06356968215158929 0.09492754728897758
0 0.9231957248734634 0.3447922617347425 0.05422993492407807 0.08226221079691516
0 0.9398262382501807 0.2509619275445111 0.04699927693420101 0.059125964010282805
0 0.9781487255965293 0.3190853208607065 0.04266088214027472 0.06940874035989719
0 0.9109036062906725 0.15070485813577073 0.04989154013015178 0.07969151670951156
0 0.9701950018076644 0.16548634913834143 0.04555314533622561 0.09125964010282778
0 0.8584813358640635 0.3955634699609635 0.05929139551699206 0.08611825192802053
0 0.9000576193058568 0.49196449823859856 0.06290672451193054 0.07326478149100261
0 0.844743085683297 0.4958205393697039 0.04916847433116409 0.07840616966580975
0 0.8024437364425163 0.5671573002951538 0.05712219812002897 0.10796915167095113
0 0.7955746113521331 0.4469773517090355 0.04627621113521331 0.10154241645244216
0 0.8111205260303687 0.32165601494811 0.048445408532176396 0.09254498714652955
0 0.8686042570498915 0.3049465033799867 0.03904555314533624 0.07197943444730079
0 0.6509614515545915 0.36664316147767306 0.04916847433116409 0.07712082262210798
0 0.45681828452639184 0.6211418761306294 0.051337671728127234 0.0616966580976864
0 0.6242080169920463 0.9322159442540227 0.07809110629067248 0.13371625964010286
0 0.5938392534345626 0.7342724995239455 0.05929139551699194 0.09772654241645243
0 0.6299925433839481 0.7477485599352565 0.036153289949385346 0.07326478149100261
0 0.6560229121475054 0.7496765805008093 0.04338394793926253 0.0668380462724936
1 0.46585660701373827 0.4212704108349995 0.0477223427331887 0.09383033419023137
1 0.3942730929139551 0.47846835427972967 0.05350686912509038 0.0976863753213368
1 0.3469122830802603 0.4739696396267732 0.03398409255242226 0.09640102827763491
1 0.2735211044830079 0.686694575359421 0.06941431670281997 0.08483290488431881
0 0.4250033893709328 0.6854092283157194 0.04555314533622561 0.08226221079691516
0 0.39535769161243667 0.6564889198324289 0.035430224150397704 0.07326478149100261
0 0.22399109725234995 0.21754290440826435 0.0657989877078814 0.12596401028277637
0 0.06491662147505423 0.24132182471674762 0.06724511930585683 0.14267352185089976
0 0.08877779284164858 0.09093622060363707 0.10339840925524221 0.16066838046272494
0 0.7048298535791756 0.9199850637912977 0.06290672451193054 0.09383033419023137
0 0.7746057031814895 0.8222986884699609 0.06362979031091835 0.05526992287917738
0 0.31473585502530727 0.9283398195753594 0.0477223427331887 0.14138817480719792
