0 0.13733925525053045 0.7662067829749272 0.1193415512273341 0.16959066558302488
0 0.26614585217134457 0.9248325028149937 0.11440327962239587 0.14327480918482735
0 0.15204605025307305 0.9212704108349994 0.06652205350686914 0.10411311053984565
0 0.1169773590021692 0.9450694146910407 0.05856832971800433 0.10800931876606691
0 0.07973947035430223 0.5902935470817862 0.09399855386840203 0.11053984575835477
0 0.07070114786695589 0.48682311006379136 0.06869125090383224 0.11182519280205655
0 0.026955667028199563 0.4514760663619918 0.05061460592913955 0.08740359897172231
0 0.15023838575560375 0.31651462677330283 0.038322487346348515 0.07712082262210798
0 0.13324633947939263 0.2740981743311435 0.04483007953723789 0.07969151670951159
0 0.01357894974692697 0.2753835213748453 0.028199566160520606 0.053984575835475564
0 0.1625305043383948 0.12242722317433113 0.031091829356471447 0.051413881748071995
0 0.13324633947939263 0.09093622060363706 0.02892263195950832 0.06298200514138817
0 0.26231358459869847 0.09929097638769876 0.03687635574837307 0.0488431876606684
0 0.27135190708604484 0.14363544939541084 0.024584237165582046 0.02185089974293059
0 0.26267511749819233 0.06008789155479387 0.021691973969631236 0.03470437017994859
0 0.33715089479392624 0.13592336713320002 0.027476500361532884 0.03213367609254497
0 0.3628197306579899 0.12821128487098923 0.0253073029645698 0.03470437017994858
0 0.11227743130874909 0.13720871417690184 0.034707158351409986 0.057840616966580966
0 0.1740995571221981 0.08515215890697896 0.02819956616052061 0.05398457583547558
0 0.21459124186550976 0.09222156764733885 0.02675343456254519 0.057840616966580966
0 0.20302218908170644 0.04916244168332857 0.03543022415039768 0.05912596401028278
0 0.7019375903832248 0.4444066576216319 0.048445408532176396 0.07326478149100256
