0 0.20914996111834488 0.46978864316587093 0.11316874939718362 0.16885964912280702
0 0.1669688848801601 0.6415722577427795 0.08724278579523534 0.1454678585654811
0 0.1554462574146412 0.2826541179337232 0.14485594196084103 0.18640350877192982
0 0.06166282537960954 0.7573886627630201 0.12436731742588575 0.1748071979434447
0 0.07070114786695589 0.5947922617347424 0.10484454085321765 0.1401028277634962
0 0.08480093094721619 0.4354092283157193 0.12581344902386116 0.2017994858611825
0 0.029847930224150398 0.24710588641340572 0.060737527114967466 0.14910025706940871
0 0.20302218908170644 0.12499791726173473 0.099060014461316 0.21079691516709512
0 0.10251604302241504 0.11857118204322574 0.1265365148228489 0.1825192802056555
0 0.025323412014702507 0.11739132284858388 0.051688490696071676 0.16777726715686275
