0 0.24540421191326664 0.4184128643042032 0.05745721271393644 0.11086956521739132
0 0.18876198268849964 0.6600795420279636 0.09576199631819222 0.14927534020465358
0 0.26557534240374453 0.5510215599563771 0.054604714540514215 0.11086956521739132
0 0.3764148130782174 0.632543299086812 0.05867974390901972 0.0855072021484375
0 0.34136998208441577 0.5060940126673995 0.07579462102689488 0.13550726849099862
0 0.3053063937484878 0.35573171594100683 0.054197241449705835 0.09420292066491169
0 0.2260480462581818 0.25283314310218213 0.06927467849843368 0.12028987718665081
0 0.30734388977896415 0.20319547299985535 0.07701711491442544 0.15434782608695655
0 0.05388015398866487 0.6387027083195735 0.10228199480798252 0.18188403585682744
0 0.37641479442444103 0.16515197815334548 0.04808473470450032 0.11159419184145722
