0 0.2028206623951011 0.16152879527609515 0.10268948655256722 0.16086956521739132
0 0.42694455421155514 0.28000705614566035 0.07986965039540035 0.15579707933508832
0 0.9157383726783759 0.6194998208259423 0.0998370256866977 0.20579714567764953
0 0.5479714490770807 0.632543299086812 0.07986965039540041 0.15217391304347824
0 0.39638220702329113 0.8006592632299845 0.08801955990220052 0.16086956521739132
0 0.0991124185004075 0.7553693860433336 0.0941320293398533 0.13260869565217395
0 0.22013933201970956 0.8622534219001612 0.09739200060408389 0.16086956521739132
0 0.782894012028353 0.7542824295215945 0.08109206966782546 0.1536232326341712
0 0.48827298513348744 0.8926882376801374 0.08272211126126988 0.14202900762143356
0 0.30786672993492403 0.8974914905265162 0.07013738250180766 0.16452442159383043
0 0.12240035249457701 0.9367146589069789 0.13449023861171364 0.12471883033419032
0 0.03165559472161966 0.8640925509378272 0.064352856109906 0.23132230077120813
0 0.4015037509038322 0.9514961499095497 0.0882140274765004 0.09515584832904889
0 0.5490091738973246 0.7908076858992669 0.08242950108459865 0.1233933161953728
0 0.5970930495300072 0.8884940612206036 0.08749096167751264 0.15938303341902316
0 0.5359939895155459 0.44954804579643914 0.05784526391901667 0.10154241645244222
0 0.46802580441070135 0.4527614134056936 0.06796818510484452 0.14138817480719792
