0 0.42128989137249223 0.7062652401989199 0.09958842713155865 0.16959066558302488
0 0.36189295977011493 0.5595060593681918 0.08482758620689654 0.1482843137254902
0 0.23878951149425287 0.3652658632897603 0.09655172413793105 0.13725490196078427
0 0.31637571839080464 0.41305998093681917 0.039310344827586205 0.08578431372549018
0 0.4339619252873563 0.48965311819172114 0.0868965517241379 0.1360294117647059
0 0.40051364942528733 0.4357315495642702 0.039310344827586205 0.06495098039215684
0 0.3518929597701149 0.41918743191721136 0.03999999999999997 0.06862745098039216
1 0.33741020114942527 0.10975115740740742 0.08137931034482755 0.15563725490196081
1 0.49085847701149415 0.2604864515250545 0.08344827586206893 0.19240196078431374
0 0.6112033045977012 0.5533786083877995 0.06620689655172415 0.11887254901960784
0 0.6470653735632184 0.8805844907407407 0.07172413793103445 0.1605392156862746
0 0.7343067528735632 0.8389178240740741 0.06137931034482757 0.12377450980392153
0 0.7460308908045977 0.9585180078976034 0.08344827586206899 0.08111213235294118
0 0.6977550287356322 0.6318099809368192 0.06827586206896552 0.11397058823529416
0 0.678099856321839 0.47004527505446625 0.09103448275862067 0.170343137254902
0 0.6546515804597701 0.31379527505446625 0.06344827586206894 0.1323529411764706
0 0.5645550885755604 0.18605190183757023 0.07158351409978306 0.17609254498714655
0 0.7062759851771511 0.16934239026944684 0.07881417208966018 0.1683804627249357
0 0.4535644884309472 0.056894607493097216 0.08242950108459872 0.11564106683804627
0 0.7966592100506146 0.7438925188041512 0.10050614605929138 0.19922879177377895
0 0.7952130784526391 0.5761547296010663 0.11496746203904552 0.13881748071979438
0 0.7908746836587129 0.4270544725316576 0.08026030368763556 0.14910025706940871
0 0.5287633315256688 0.6834812077501666 0.04338394793926241 0.11439588688946013
0 0.6184234906001445 0.713044189755308 0.0737527114967462 0.15038560411311058
0 0.7427908080260303 0.30044778872703043 0.07953723788864787 0.13496143958868895
1 0.820158848517715 0.12949663191469105 0.14895155459146778 0.25064267352185093
1 0.9260879880694143 0.6706277373131486 0.1467823571945047 0.3431876606683805
0 0.5710626807664496 0.4225557578787013 0.048445408532176396 0.12467866323907452
0 0.6072159707158351 0.2586740098067219 0.04699927693420101 0.12853470437017994
0 0.592393121836587 0.04532648409978101 0.07519884309472158 0.09250482005141387
0 0.6690380965292841 0.022852994382557362 0.08242950108459865 0.04755784061696658
0 0.48574091648590023 0.4296251666190612 0.0730296456977585 0.13110539845758348
1 0.12904498334481967 0.6272526892701525 0.14886285320468642 0.332107843137255
