0 0.07384755726062678 0.6738476469128989 0.0941320293398533 0.16811589780061145
0 0.6531059234047092 0.2988476303272586 0.06927460388332823 0.11811593097189202
0 0.800823947250503 0.30392009962392125 0.06886713079251988 0.11811596414317257
0 0.13216174078091106 0.7850236242026087 0.08893709327548806 0.17609254498714655
0 0.12312341829356471 0.5433783799866705 0.0737527114967462 0.12982005141388173
0 0.03237866052060737 0.4958205393697039 0.064352856109906 0.18123393316195374
0 0.011409752349963845 0.6648436756164905 0.02386117136659436 0.1516709511568123
0 0.04539384490238611 0.38335267304579645 0.08026030368763556 0.08997429305912595
0 0.08190866775126536 0.4521187398838427 0.05784526391901664 0.10411311053984576
0 0.5811856019522776 0.7631727244596782 0.07447577729573389 0.1401028277634962
0 0.4821255874909617 0.7843809506807579 0.08604483007953725 0.10796915167095113
0 0.4351263105567606 0.8749979172617348 0.06435285610990599 0.09640102827763491
0 0.43404171185827906 0.9656349673902694 0.07519884309472165 0.06687821336760928
0 0.6838609454085323 0.41998506379129774 0.0730296456977585 0.13239074550128532
0 0.7398985448300797 0.35057632343140055 0.0723065798987708 0.12982005141388173
0 0.8743887834417933 0.30494650337998663 0.07519884309472158 0.10796915167095113
0 0.7937669468546638 0.9309305972103209 0.11062906724511935 0.1362869537275064
0 0.6838609454085323 0.9643496203465677 0.09327548806941431 0.06944890745501292
0 0.8049744667389731 0.7863089712463107 0.07086044830079541 0.15552699228791778
0 0.864988928054953 0.7034040869275445 0.08242950108459865 0.12082262210796915
0 0.9767025939985539 0.7728128272874417 0.04555314533622561 0.20565552699228798
0 0.9485030278380333 0.6378513876987528 0.07592190889370928 0.1336760925449872
0 0.342935421185828 0.26317272445967815 0.05495300072306583 0.08354755784061695
0 0.43512631055676065 0.27345550080929254 0.03398409255242226 0.06812339331619537
0 0.5222557393347794 0.7085454751023518 0.05350686912509032 0.09768637532133674
0 0.7720749728850326 0.4791110278015805 0.07736804049168479 0.09640102827763497
0 0.5822702006507593 0.9727043761306294 0.06218365871294284 0.05273939588688953
0 0.7532752621113521 0.8222986884699609 0.06724511930585682 0.14781491002570693
