0 0.5094628916198681 0.8941375240995498 0.07457212713936431 0.12028994352921203
0 0.3458524472361769 0.7463114039717473 0.05052972247956144 0.09420292066491169
0 0.7594628916198682 0.8644274012862005 0.07171959165838934 0.12318845002547558
0 0.507425414243168 0.6647896648413126 0.04930722859203088 0.07318838368291447
0 0.39658598087624797 0.8303693860433337 0.04523227383863079 0.09275366741677987
0 0.6145973659474964 0.7709491072453548 0.06886720540762532 0.11594205109969433
0 0.5373765144876669 0.7781954729998554 0.06927467849843373 0.10144931959069295
0 0.44308003434562543 0.6481341640483671 0.04699927693420101 0.07455012853470433
0 0.3794502440347072 0.6629156550509379 0.041214750542299325 0.06555269922879177
0 0.3219665130151844 0.6821958607064648 0.04483007953723792 0.06555269922879177
0 0.28147482827187276 0.7541752951537656 0.04772234273318873 0.09383033419023137
0 0.29449001265365143 0.9174143697038941 0.0477223427331887 0.12724935732647816
0 0.3404046908893709 0.8685711820432257 0.052783803326102684 0.13239074550128535
0 0.4231957248734635 0.8987768375702181 0.05495300072306583 0.089974293059126
0 0.4499491594360086 0.9573002951537656 0.05061460592913954 0.08354755784061699
0 0.592754654736081 0.912272981529087 0.06290672451193054 0.12467866323907452
0 0.741344676428055 0.9521388234314007 0.07519884309472158 0.09387050128534706
0 0.8208819143167028 0.8917074288298582 0.05350686912509038 0.12467866323907452
0 0.6180619577006508 0.6944066576216319 0.051337671728127296 0.07455012853470433
0 0.2897900849602314 0.6378513876987528 0.06435285610990601 0.10539845758354759
0 0.07467800976138828 0.6860519018375701 0.039045553145336226 0.07069408740359896
0 0.7691827096890816 0.6384940612206037 0.04699927693420101 0.06812339331619542
0 0.803166802241504 0.6815531871846139 0.03543022415039765 0.06426735218508994
0 0.8136512563268257 0.6256405907835856 0.036153289949385346 0.047557840616966544
0 0.8024437364425163 0.5870801794725317 0.03832248734634855 0.05269922879177374
0 0.7637597161966738 0.5845094853851279 0.04916847433116409 0.06298200514138812
0 0.6628920372378886 0.5067459892411692 0.03687635574837304 0.05912596401028276
0 0.8681904002986447 0.9703324993191721 0.07649896623018612 0.057483149509803974
0 0.9650201728692857 0.923821316721133 0.06891798759476218 0.116421568627451
0 0.7324219647369631 0.49980170887799563 0.035148173673328745 0.05514705882352936
0 0.721395086721801 0.4317870029956427 0.03101309441764298 0.04166666666666667
0 0.7138141080863772 0.4722281794662309 0.026878015161957217 0.03676470588235298
0 0.44882444578451647 0.3043360226034858 0.022053756030323928 0.0514705882352941
0 0.4491690357224903 0.2540909245642701 0.022742935906271515 0.03676470588235293
0 0.4784591804502642 0.2363213167211329 0.022053756030323928 0.04289215686274509
0 0.4443447765908569 0.216713473583878 0.025499655410062043 0.037990196078431376
0 0.49499949747300714 0.20936053240740743 0.01654031702274293 0.040441176470588217
