0 0.7997546487603306 0.7994106713812956 0.11845730027548207 0.17992656058751524
0 0.7012698002754821 0.7914547350287864 0.06887052341597802 0.09791921664626681
0 0.7326058884297522 0.7039394351511855 0.07369146005509641 0.09179926560587517
0 0.8166279269972452 0.6776236456775012 0.0640495867768595 0.08567931456548353
0 0.7157326101928374 0.5748084681989211 0.0853994490358127 0.09791921664626681
0 0.7901127754820936 0.6145881499614669 0.06749311294765843 0.07221542227662181
0 0.8978951446280993 0.677011650573462 0.04201101928374662 0.12117503059975517
0 0.8634598829201101 0.6610997778684436 0.04752066115702481 0.09669522643818848
0 0.8779226928374655 0.3281744412711365 0.07506887052341599 0.12117503059975522
0 0.9767362307603951 0.4991889637799564 0.04548587181254303 0.09803921568627456
0 0.9329733086377211 0.41646837554466226 0.08063404548587177 0.10906862745098041
0 0.9598513237996783 0.29146837554466226 0.07236388697450036 0.14583333333333331
0 0.9402096973351712 0.1732085716230937 0.09097174362508617 0.12990196078431374
0 0.8936900557087066 0.05556151279956427 0.087525844245348 0.1053921568627451
0 0.9657093527452332 0.04943406181917211 0.06340454858718125 0.09803921568627451
0 0.25309736101539165 0.07578210103485837 0.027567195037904894 0.04779411764705882
0 0.2772186566735585 0.10519386574074074 0.024810475534114425 0.047794117647058834
0 0.3009953623937515 0.0647526892701525 0.024121295658166807 0.04779411764705882
0 0.3378664857569492 0.08007131672113289 0.0192970365265334 0.031862745098039214
0 0.32925173730760393 0.054948767701525056 0.025499655410062043 0.03308823529411764
