0 0.8122339026366392 0.34631140397174737 0.15281173594132025 0.2884057749872623
0 0.8698948518959798 0.8622534219001612 0.20211896453335118 0.2652173913043478
0 0.5273927895344654 0.818412897475484 0.11043192296855893 0.15869571851647418
0 0.45424693013558864 0.4126157517978343 0.054604751848066964 0.09927534020465353
0 0.5952412002924117 0.9390650382172466 0.12387935573139519 0.1159419847571331
0 0.5467489551895502 0.3709491072453547 0.05297478486972806 0.11594205109969433
0 0.46657967281272594 0.962421599781015 0.10412147505422992 0.07330494858611829
0 0.5038175614605929 0.5414503594211177 0.07158351409978311 0.07969151670951162
0 0.5287633315256689 0.4572601280586499 0.06796818510484458 0.06555269922879182
0 0.49477923897324655 0.3409362206036371 0.03759942154736079 0.10796915167095118
0 0.4593490148228489 0.30109046224888125 0.0477223427331887 0.11311053984575836
0 0.3573967371655821 0.2657434185470818 0.05061460592913954 0.09125964010282775
0 0.10540830621836587 0.2503192540226602 0.08749096167751266 0.11696658097686373
0 0.7203757682574115 0.9412133735599353 0.07809110629067248 0.11572140102827765
0 0.6603613069414317 0.7265403337141768 0.04338394793926241 0.10796915167095113
0 0.4716411334056399 0.5999336499095497 0.05350686912509038 0.06298200514138823
