0 0.38436100469338963 0.5452244474500082 0.05582724573559747 0.094927514117697
0 0.37437731704774097 0.4455867773476815 0.04400977995110023 0.05652173913043478
0 0.35053868624089496 0.3771085164781162 0.04930730320713632 0.08043478260869566
0 0.3519737436731742 0.2336097424545368 0.02819956616052058 0.05784061696658098
0 0.3328125 0.21175884271160622 0.030368763557483722 0.05784061696658098
0 0.2876208875632683 0.19055061649052651 0.0253073029645698 0.046272493573264774
0 0.35775827006507593 0.1519902051794725 0.02964569775849603 0.061696658097686374
0 0.38451170462762113 0.12435524373988385 0.032537960954446866 0.039845758354755775
0 0.4636874096167752 0.08193879129772447 0.041937816341287085 0.05012853470437018
0 0.5146635484454085 0.05237580929258308 0.0368763557483731 0.08097686375321336
0 0.49044084417932027 0.03502362420260878 0.026030368763557493 0.05912596401028278
0 0.41813426428054956 0.12049920260877846 0.030368763557483722 0.032133676092544985
0 0.38921163232104117 0.07615472960106637 0.0361532899493854 0.04884318766066838
0 0.30714366413593636 0.14684881700466532 0.03398409255242226 0.08226221079691515
0 0.204106787780188 0.13270999952394552 0.033261026753434564 0.04370179948586116
0 0.35125067787418657 0.11021642625916404 0.03109182935647142 0.05784061696658098
0 0.424280323571945 0.08129611777587356 0.02675343456254519 0.05398457583547557
