0 0.25681414864562646 0.8952244806212889 0.05827219620310589 0.12246385657269028
0 0.17612953341483292 0.8894273349436393 0.05990220048899755 0.11086956521739132
0 0.33138627578499075 0.7734853501865062 0.06642218032501149 0.10217391304347824
0 0.5294303042187182 0.6162389512607249 0.05827223351065864 0.0804347826086956
0 0.349316173699588 0.6647896648413126 0.07049713507841152 0.08768118153447696
0 0.160237131530712 0.6702244474500082 0.06805214730335041 0.12753620976987096
0 0.4116633806174231 0.4618911251737684 0.05990220048899755 0.0804347826086956
0 0.22890054443160404 0.6941374909282692 0.061124694376528114 0.12318838368291446
0 0.32413571041214756 0.9071315933542796 0.06796818510484452 0.10411311053984565
0 0.05623983188720173 0.955994864562506 0.09327548806941431 0.08615841902313633
0 0.12456954989154012 0.8428642411691897 0.06507592190889369 0.12210796915167098
0 0.12348495119305856 0.7104734956679044 0.0441070137382502 0.09383033419023137
0 0.2800286966738973 0.7329670689326859 0.05061460592913957 0.12082262210796915
0 0.22435263015184384 0.6192138555650766 0.04772234273318873 0.07069408740359896
0 0.18783780730296457 0.5780827501666191 0.06290672451193059 0.0784061696658098
0 0.2796671637744035 0.5684426473388555 0.06290672451193056 0.08226221079691516
0 0.295574611352133 0.623712570218033 0.05567606652205352 0.08740359897172235
0 0.34004315798987705 0.5138153979815291 0.05061460592913954 0.050128534704370196
0 0.35558907266811274 0.5446637270303721 0.06290672451193059 0.04241645244215936
0 0.3602890003615329 0.5838668118632773 0.06362979031091828 0.05655526992287921
0 0.5479245751988431 0.5395223388555651 0.03832248734634849 0.05269922879177374
0 0.5681704175704989 0.47975370132343137 0.041214750542299325 0.06426735218508994
0 0.4929715744757773 0.5061033157193183 0.041214750542299325 0.06298200514138823
0 0.47236419920462763 0.6012189969532514 0.040491684743311634 0.08868894601542418
0 0.4210265274765003 0.590936220603637 0.0477223427331887 0.07583547557840616
0 0.4033114154013015 0.5183141126344853 0.04555314533622561 0.07197943444730079
0 0.3320894342010123 0.45019071931829 0.05495300072306583 0.06169665809768635
0 0.44380310014461316 0.4958205393697039 0.04555314533622561 0.05269922879177379
0 0.0934777205350687 0.6160004879558221 0.0636297903109183 0.10796915167095113
0 0.07720874005784525 0.693763984099781 0.051337671728127254 0.08097686375321335
0 0.4983945679681851 0.42641179900980675 0.028922631959508335 0.05269922879177379
0 0.4676642715112075 0.4090596139198324 0.03109182935647142 0.053984575835475564
0 0.2818363611713666 0.412272981529087 0.04266088214027475 0.0784061696658098
