0 0.224214305426886 0.8858041686520293 0.11043192296855903 0.16594198475713312
0 0.10644739115247906 0.7702244806212889 0.11206194590822703 0.15652173913043485
0 0.8002127003067376 0.7452244806212889 0.09453950243066167 0.15869565217391307
0 0.09456231923355025 0.6282112848709892 0.11496746203904556 0.1735218508997429
0 0.10251604302241504 0.9347866383414263 0.1265365148228489 0.12857487146529567
0 0.8639043293564714 0.4926071717604494 0.09182935647143893 0.15681233933161956
0 0.9781487255965293 0.7072601280586498 0.04266088214027472 0.20308483290488433
0 0.9521183568329717 0.3595737527373132 0.0947216196673897 0.22236503856041132
0 0.9636874096167751 0.10443236456250594 0.07158351409978311 0.20308483290488433
0 0.8657119938539407 0.2072601280586499 0.08676789587852494 0.12339331619537278
0 0.7926823481561822 0.15905961391983245 0.0694143167028199 0.12982005141388173
0 0.8805348427331888 0.07037066790440825 0.07013738250180772 0.10411311053984576
0 0.837873960592914 0.03889974888127202 0.06869125090383221 0.07965134961439589
0 0.6780764190166304 0.13270999952394552 0.07158351409978311 0.14652956298200512
0 0.6144466287057123 0.2162575573645625 0.044107013738250225 0.09768637532133677
0 0.5616628253796097 0.26445807150337997 0.044107013738250225 0.09383033419023135
0 0.5085174891540131 0.32229868846996096 0.031814895155459176 0.0784061696658098
0 0.5316555947216197 0.23618043654194043 0.04049168474331169 0.08868894601542418
0 0.5801010032537961 0.16612902266019233 0.04338394793926241 0.08997429305912598
0 0.6177004248011569 0.11600048795582214 0.040491684743311634 0.06683804627249357
