0 0.3038801446617767 0.5249346034346379 0.07579462102689491 0.12536236306895376
0 0.6186723580084493 0.34631142055738756 0.08516709903633099 0.15652177230171535
0 0.5322827650845877 0.9191375240995497 0.08516709903633099 0.14130434782608703
0 0.19956067247709416 0.5593548822326169 0.06682965341581984 0.11884055759595788
0 0.04980518058148846 0.69305053440653 0.09168706021856854 0.1398550945779552
0 0.1343610046933896 0.3531954729998553 0.07416465404855593 0.11376807171365493
0 0.291858979639428 0.4053693860433336 0.05990220048899755 0.0992754065472147
0 0.2932852100723628 0.8691375240995498 0.06764463690498931 0.13260869565217395
0 0.23868047687807217 0.20102154337073677 0.057049702315575365 0.1253623298976732
0 0.2525521963123644 0.6282112848709892 0.052060737527114986 0.0784061696658098
0 0.16542276753434565 0.45147606636199183 0.0918293564714389 0.1568123393316196
0 0.035993989515545916 0.5106020303722746 0.07158351409978309 0.1902313624678663
0 0.049732239696312366 0.3017331357707322 0.1005061460592914 0.19922879177377895
1 0.4712796005061461 0.5735840355136628 0.057122198120028916 0.08740359897172235
1 0.4951407718727404 0.4701135984956679 0.06724511930585682 0.11182519280205655
1 0.5106866865509762 0.27345550080929254 0.06652205350686918 0.12982005141388173
1 0.41271127078814174 0.30173313577073213 0.049891540130151846 0.11696658097686373
0 0.6224003524945769 0.08065344425402264 0.08026030368763556 0.15295629820051412
0 0.592754654736081 0.2348950894982386 0.052783803326102684 0.10668380462724933
0 0.29195928235719454 0.2265403337141769 0.049891540130151846 0.11053984575835475
0 0.23339095263919016 0.09222156764733887 0.07736804049168476 0.12210796915167095
1 0.4839332519884309 0.7561033157193183 0.060737527114967445 0.10796915167095113
1 0.45826441612436736 0.9212704108349992 0.04410701373825017 0.134961439588689
