0 0.4636767352068865 0.7852126420822292 0.09794236171392748 0.2266082763671875
0 0.8480388500072337 0.7157681864836992 0.09794236171392742 0.15497073792574703
0 0.11189295977011493 0.8235991966230938 0.11724137931034481 0.1740196078431373
0 0.14154813218390805 0.6434521377995641 0.10344827586206898 0.11519607843137253
0 0.03844468390804598 0.7629374319172113 0.07793103448275862 0.16299019607843135
0 0.3722377873563218 0.7715158632897604 0.06689655172413793 0.1384803921568628
0 0.3091343390804598 0.6753148828976034 0.08275862068965516 0.1519607843137255
0 0.3594791666666667 0.5264178240740741 0.06482758620689655 0.116421568627451
0 0.38120330459770113 0.6287462554466231 0.05172413793103446 0.09803921568627451
0 0.4232722701149425 0.6667364515250545 0.06137931034482757 0.11029411764705883
0 0.2746515804597702 0.5337707652505448 0.08000000000000002 0.09681372549019614
0 0.2453412356321839 0.6158786083877996 0.06827586206896552 0.13357843137254902
1 0.04292744252873563 0.43634429466230934 0.08689655172413793 0.13970588235294118
1 0.1563757183908046 0.41244723583877996 0.06689655172413793 0.12132352941176469
1 0.06809985632183908 0.28193252995642704 0.0696551724137931 0.10539215686274511
0 0.5736170977011494 0.9081580201525055 0.12620689655172418 0.1691176470588235
0 0.748444683908046 0.5668590005446624 0.10206896551724137 0.20220588235294118
0 0.8346515804597701 0.5705354711328976 0.09517241379310341 0.15808823529411767
0 0.9463757183908046 0.7237217456427015 0.09103448275862067 0.21936274509803919
0 0.708099856321839 0.41796194172113293 0.08206896551724133 0.14950980392156865
0 0.7867205459770116 0.4351188044662309 0.07517241379310349 0.1323529411764706
0 0.6218929597701149 0.39590311819172114 0.07517241379310349 0.1323529411764706
0 0.6422377873563219 0.5239668436819173 0.07310344827586211 0.07965686274509802
0 0.7929274425287357 0.8137952750544662 0.11379310344827592 0.11274509803921567
0 0.46088509361359986 0.5482085716230938 0.10544452101998622 0.15686274509803919
0 0.6748754450953366 0.6866889637799565 0.1075120606478291 0.18627450980392155
0 0.8316638668734206 0.9085026892701524 0.13439007580978632 0.17156862745098048
0 0.9167775815529521 0.8901203363289761 0.11440385940730534 0.1838235294117648
0 0.9757024609464737 0.9244340618191721 0.04755341144038591 0.13725490196078421
0 0.3030629020215943 0.44342915985838777 0.08752584424534803 0.12867647058823528
0 0.5229112824488859 0.6885271990740741 0.08201240523776707 0.13112745098039216
0 0.6845239633586033 0.8931266169662309 0.11026878015161957 0.2023207720588234
