0 0.26598285280210565 0.6821810023604192 0.10920946638858116 0.18478260869565222
0 0.5954449368378159 0.8955867773476816 0.12102689486552573 0.14637676736582872
0 0.6818345297616772 0.8528331762734628 0.09739196329653114 0.16521739130434782
0 0.44487445212615245 0.8455868105189621 0.09698449020572279 0.15652180547299596
0 0.46484186472500255 0.6292824295215945 0.08638951830875612 0.1543478260869565
0 0.6160236336879839 0.6053693860433336 0.09046454767726159 0.16304347826086957
0 0.3784446839080459 0.6630599809368192 0.08620689655172414 0.12990196078431368
0 0.5263757183908045 0.7623246868191721 0.07172413793103445 0.13235294117647065
0 0.6067205459770115 0.7341384123093682 0.07655172413793103 0.13235294117647053
0 0.5456860632183907 0.6152658632897604 0.060689655172413794 0.15931372549019615
0 0.2129274425287356 0.8634276279956427 0.09586206896551722 0.16299019607843135
0 0.33258261494252866 0.8082805691721134 0.08827586206896551 0.16053921568627452
0 0.3367205459770115 0.9554542824074075 0.09793103448275862 0.08723958333333334
0 0.09741020114942528 0.9425866353485838 0.13103448275862067 0.11297487745098046
