0 0.2527391565846736 0.8988476469128989 0.0688671681000726 0.1355072021484375
0 0.5280040737857835 0.6017462197517236 0.061124694376528114 0.08043478260869572
0 0.3505386675871186 0.6760215599563771 0.0680521473033504 0.09710149350373645
0 0.15025342523128693 0.6977606903911597 0.07986957578029495 0.1202898108440897
0 0.3446299533486464 0.5495722735369647 0.07171966627349478 0.09927534020465359
0 0.11785733721172705 0.8680505675778105 0.07049717238596424 0.13043478260869562
0 0.3308584770114943 0.7862217456427015 0.06413793103448277 0.1115196078431372
0 0.3298239942528735 0.9303317333877996 0.07862068965517241 0.13748468137254902
0 0.17913433908045975 0.9320550789760348 0.06137931034482757 0.10171568627450983
0 0.18361709770114942 0.8622021377995642 0.05931034482758619 0.09436274509803919
0 0.2853412356321839 0.7329129221132897 0.05172413793103449 0.1029411764705882
0 0.2694791666666667 0.5778884123093682 0.06965517241379313 0.0894607843137255
0 0.2279679591467824 0.6944066576216319 0.06796818510484455 0.11053984575835477
0 0.21531430766449747 0.6339953465676474 0.04844540853217642 0.06940874035989714
0 0.18060714931308747 0.5954349352565933 0.07158351409978309 0.10025706940874039
0 0.12493108279103399 0.6320673260020947 0.04121475054229936 0.06812339331619542
0 0.062024358279103395 0.9682056614776731 0.08170643528561099 0.06173682519280209
0 0.07250881236442516 0.6282112848709892 0.0636297903109183 0.09897172236503857
0 0.06455508857556037 0.7085454751023518 0.05061460592913955 0.09254498714652955
0 0.3255818420101229 0.4469773517090355 0.05495300072306577 0.07069408740359896
0 0.2691827096890817 0.5298822360278017 0.04916847433116412 0.051413881748072016
0 0.39933455350686914 0.4546894339712463 0.04627621113521331 0.06298200514138817
0 0.4394647053506869 0.4874657835856422 0.04699927693420101 0.0668380462724936
0 0.47995639009399854 0.500961927544511 0.042660882140274775 0.05269922879177374
0 0.5421400488069413 0.5266688684185471 0.05278380332610263 0.050128534704370196
0 0.5566013647866955 0.46432953679900985 0.04266088214027472 0.0616966580976864
0 0.5660012201735358 0.4360519018375702 0.03109182935647148 0.04113110539845758
0 0.4821255874909616 0.41034496096353423 0.0368763557483731 0.046272493573264774
0 0.4477799620390455 0.3962061434828144 0.030368763557483722 0.053984575835475564
0 0.46947193600867676 0.5896508735599353 0.03904555314533624 0.06812339331619542
0 0.414518935285611 0.590936220603637 0.04627621113521331 0.08611825192802053
0 0.3986114877078814 0.5215274802437397 0.04338394793926247 0.0732647814910025
0 0.29087468365871294 0.6391367347424545 0.040491684743311634 0.06940874035989714
