0 0.7424832944516782 0.11050501185783401 0.05637862594039357 0.12426901700203878
0 0.6276684796368635 0.1883558723196881 0.04979421356577932 0.1074561403508772
0 0.23051364942528738 0.7629374319172113 0.05931034482758622 0.08700980392156865
0 0.6136170977011496 0.09320703976034858 0.03931034482758626 0.08578431372549018
0 0.5801688218390804 0.1514178240740741 0.03999999999999997 0.0894607843137255
0 0.6501688218390805 0.26109919662309367 0.04896551724137931 0.08578431372549018
0 0.7008584770114943 0.05276586328976035 0.04827586206896548 0.07598039215686275
0 0.3108584770114942 0.34014331427015243 0.0324137931034483 0.04289215686274509
0 0.3122051247288503 0.11471514091212036 0.02819956616052058 0.056555269922879174
0 0.3866809020245842 0.017691522660192326 0.02241503976861896 0.037234897172236506
0 0.36065053326102675 0.022832910834999526 0.02819956616052058 0.0475176735218509
0 0.11553122740419378 0.18283853422831572 0.04844540853217642 0.06683804627249357
0 0.20519138647866958 0.07165601494811005 0.032537960954446866 0.04498714652956299
0 0.009963620751988431 0.3486483028658478 0.02096890817064353 0.05141388174807197
