0 0.2761702956469349 0.6278331431021821 0.0945395024306617 0.15144925324813183
0 0.16634958231458843 0.4905142914653785 0.07457212713936429 0.1565217391304348
0 0.25070166055419724 0.49051432463665906 0.09168704156479217 0.14637683370839
0 0.6408385303687635 0.27923956250595067 0.03759942154736085 0.07712082262210798
0 0.5240634038322488 0.26767143911263447 0.057122198120028916 0.10796915167095113
0 0.1028775759219089 0.3435069146910406 0.0838756326825741 0.1362467866323908
0 0.5978161153289948 0.056231850423688466 0.060014461315979754 0.09125964010282776
0 0.6881993402024584 0.10057632343140055 0.05422993492407807 0.10282776349614395
0 0.7630366503976861 0.10507503808435685 0.07519884309472158 0.15038560411311053
0 0.6433692606652206 0.18219586070646482 0.060014461315979754 0.09125964010282778
0 0.832450967100506 0.08965087355993522 0.05929139551699206 0.08868894601542415
0 0.8100359273318871 0.04149052651623345 0.06796818510484452 0.08483290488431874
0 0.7200142353579175 0.034421117775873554 0.08026030368763556 0.07069408740359896
0 0.642284661966739 0.044703894125487954 0.04916847433116409 0.09125964010282776
0 0.9260879880694143 0.12049920260877846 0.06579898770788144 0.14010282776349614
