0 0.06467885310414757 0.5390650382172467 0.10513447432762837 0.15362323263417124
0 0.21280436869452615 0.28834039500754044 0.053382220652983654 0.09710146033245586
0 0.5966674680328993 0.6517462197517236 0.06805218461090318 0.13260869565217395
0 0.7470341788916055 0.45428242952159453 0.06234718826405867 0.1536232326341712
0 0.1410847210748077 0.23870272490521371 0.08761208681139211 0.15869568534519363
0 0.6712072939262472 0.5690853208607065 0.0737527114967462 0.10925449871465295
0 0.6824148138105567 0.5048179686756165 0.04266088214027472 0.09125964010282772
0 0.5399708514099782 0.7464632128915549 0.06001446131597981 0.12982005141388173
0 0.5182788774403471 0.636566040655051 0.04121475054229939 0.1233933161953728
0 0.09890071402747651 0.43283853422831575 0.05712219812002893 0.12210796915167098
0 0.03527092371655821 0.31137323859849564 0.06724511930585683 0.14910025706940871
0 0.05623983188720174 0.2091881486242026 0.07736804049168475 0.12467866323907452
0 0.09058545733911785 0.7040467604493953 0.0925524222704266 0.09383033419023137
0 0.019725009038322486 0.6757691254879559 0.04049168474331164 0.20694087403598968
0 0.23194482104121475 0.18797992240312292 0.04121475054229936 0.09511568123393317
0 0.317989651120752 0.3261547296010664 0.035430224150397704 0.09125964010282778
0 0.28183636117136657 0.232324395410835 0.03976861894432391 0.11182519280205656
0 0.1759072216196674 0.1757691254879558 0.04483007953723789 0.10668380462724936
0 0.1860301428054953 0.10186167047510235 0.04627621113521331 0.08740359897172235
0 0.23845241323210412 0.10378969104065505 0.057122198120028916 0.09383033419023137
0 0.5309325289226319 0.44633467818718464 0.04916847433116409 0.09254498714652955
0 0.570339614967462 0.5774400766447683 0.04699927693420101 0.08740359897172235
0 0.5663627530730296 0.5073886627630201 0.04338394793926241 0.09383033419023137
0 0.5255095354302242 0.32744007664476815 0.052783803326102684 0.14267352185089974
0 0.6390308658712943 0.488751130629344 0.051337671728127296 0.11568123393316192
0 0.6798840835140998 0.341578894125488 0.05929139551699206 0.09897172236503857
0 0.7503829989154014 0.29594907407407406 0.08026030368763556 0.11568123393316196
0 0.7536367950108461 0.23296706893268587 0.07086044830079541 0.08740359897172233
0 0.6683150307302964 0.2683141126344854 0.0694143167028199 0.11439588688946016
0 0.5862470625451917 0.3704992026087784 0.052783803326102684 0.10282776349614399
