0 0.6893968746985917 0.8217623608386538 0.08189297899787805 0.10964918973153097
0 0.7893969123746141 0.8352857638056049 0.10740740740740738 0.17909361186780431
0 0.7157343358169367 0.732581029672604 0.06707823953510801 0.11257312172337577
0 0.7035944432388117 0.6035605729904323 0.09135802469135801 0.10745614035087722
0 0.8739648136091821 0.7095547138831304 0.09135802469135801 0.11915206909179688
0 0.7982445987654321 0.7219816256220112 0.07407407407407404 0.081140350877193
0 0.7834298216266398 0.6466892391152781 0.08477368766878861 0.09283627961811265
0 0.868820755570023 0.3564845719067906 0.08600818021797837 0.1337719298245614
0 0.9251993438343943 0.43908688877990604 0.08600825557002309 0.12646203292043587
0 0.9642939814814814 0.5257096957974499 0.07037037037037036 0.10964912280701757
0 0.8782858012635031 0.08163074842902884 0.10740740740740738 0.1337719298245614
0 0.9225244592737268 0.22490560780724123 0.11275725188078702 0.13377196328681812
0 0.9567794421487602 0.3193770116505734 0.08402203856749312 0.15835373317013465
0 0.9533359159779614 0.07725644861507774 0.07024793388429747 0.10648714810281516
0 0.2576136569052784 0.09929097638769875 0.03904555314533621 0.05912596401028279
0 0.23158328814172088 0.07358403551366277 0.030368763557483722 0.04627249357326478
0 0.2814748282718727 0.06458660620775017 0.03904555314533621 0.04884318766066839
