0 0.3441293787073206 0.4164260812205413 0.04403290925202548 0.06213452523214776
0 0.2649112842701099 0.3670839759573834 0.02798352653597605 0.049707580031010126
0 0.20297712161217207 0.3838968191462883 0.052263349368248474 0.06871347260056881
0 0.2762281629774305 0.27753717002348127 0.04814814814814813 0.09576021160995751
0 0.13795653920114775 0.2570693449202569 0.06460906605661651 0.1074561403508772
0 0.35153678611472805 0.2932535554465727 0.058847724066840294 0.07894736842105261
0 0.19556971420476466 0.24208395922625509 0.03744853455343365 0.07163743805467036
0 0.28301826759620946 0.10319506476032339 0.03786006974585264 0.05263157894736842
0 0.036516222541714896 0.1510751872964305 0.06337449815538194 0.06652045668217173
0 0.07746271204065393 0.2764406955265395 0.053909452461902006 0.07894740188330937
0 0.30388986804049173 0.17384110492240312 0.04338394793926247 0.06940874035989719
0 0.41596506688358637 0.251604601066362 0.0361532899493854 0.050128534704370196
0 0.421749593275488 0.18348120775016663 0.0361532899493854 0.05784061696658098
0 0.3960807574114245 0.3075171974673903 0.02241503976861896 0.05141388174807197
0 0.3660735267534346 0.2432498452823003 0.0361532899493854 0.04370179948586118
0 0.34980454627621105 0.213044189755308 0.03109182935647142 0.05526992287917738
0 0.3660735267534346 0.16163030800723605 0.03904555314533624 0.050128534704370196
0 0.3812579085321764 0.13849406122060362 0.027476500361532884 0.026992287917737782
0 0.3454661514822849 0.11664316147767304 0.0368763557483731 0.055269922879177376
0 0.201576057483731 0.3210133414262592 0.0368763557483731 0.06812339331619537
0 0.2297756236442516 0.28438095068075786 0.02386117136659435 0.059125964010282805
0 0.23592168293564714 0.2072601280586499 0.040491684743311634 0.07455012853470436
0 0.2706288412870571 0.1789824930972103 0.024584237165582074 0.05912596401028278
0 0.25869825560376 0.12821128487098923 0.03543022415039768 0.05526992287917738
0 0.22579876174981925 0.11342979386841856 0.0361532899493854 0.048843187660668384
0 0.20012992588575562 0.15263287870132342 0.042660882140274775 0.05526992287917738
0 0.15746904374548082 0.17319843140055224 0.04121475054229936 0.07583547557840618
0 0.1791610177151121 0.10121899695325146 0.03976861894432394 0.03984575835475579
0 0.13686166847433115 0.10250434399695324 0.037599421547360824 0.06041131105398456
0 0.10106991142443962 0.10893107921546225 0.04844540853217642 0.07069408740359896
0 0.2142297089660159 0.060730565076644774 0.03759942154736079 0.059125964010282785
0 0.3020822035430224 0.03566629772445968 0.032537960954446866 0.04241645244215938
0 0.16542276753434565 0.05044778872703037 0.03976861894432394 0.06426735218508997
0 0.6426461948662329 0.23618043654194038 0.03543022415039765 0.09640102827763497
0 0.6596382411424438 0.13977940826430543 0.03470715835140995 0.09640102827763496
0 0.6936223336948663 0.10828840569361137 0.04338394793926253 0.07969151670951158
0 0.09167005603759941 0.19440665762163192 0.0368763557483731 0.05912596401028278
