0 0.4756405731673734 0.5477606903911597 0.04930722859203088 0.07101453698199733
0 0.4898239942528736 0.7966384123093682 0.05241379310344829 0.09803921568627451
0 0.4815481321839081 0.9296040985838779 0.06344827586206894 0.116421568627451
0 0.4018929597701149 0.9167364515250545 0.05862068965517242 0.12009803921568621
0 0.3436170977011494 0.8910011574074075 0.04551724137931033 0.11274509803921579
0 0.46154813218390806 0.710854098583878 0.05793103448275859 0.12254901960784316
0 0.5163757183908045 0.6814423338779957 0.05172413793103452 0.08578431372549018
0 0.36982399425287354 0.49210409858387805 0.04965517241379308 0.0919117647058824
0 0.3056860632183908 0.7494570397603485 0.05793103448275859 0.1115196078431372
0 0.5039619252873563 0.48413841230936816 0.039310344827586205 0.05637254901960784
0 0.5339619252873563 0.6183295887799565 0.03862068965517243 0.05759803921568631
0 0.5239619252873563 0.5558295887799565 0.03517241379310345 0.06495098039215684
0 0.511548132183908 0.44737370642701524 0.033793103448275845 0.05637254901960789
0 0.5429274425287356 0.5160011574074074 0.03999999999999997 0.06617647058823532
0 0.12189295977011494 0.38058449074074074 0.04758620689655172 0.08210784313725492
0 0.041892959770114944 0.4724962554466231 0.0503448275862069 0.08700980392156865
0 0.18223778735632182 0.9400207652505446 0.060689655172413794 0.10784313725490188
0 0.23120330459770114 0.8713933142701524 0.05517241379310344 0.10539215686274514
0 0.4701950018076645 0.4321958607064648 0.04627621113521331 0.07712082262210798
0 0.4716411334056399 0.38335267304579645 0.041937816341287085 0.053984575835475564
0 0.43078791576283443 0.4039182257450253 0.042660882140274775 0.07197943444730079
0 0.2872593546637744 0.9206277373131486 0.05061460592913957 0.10539845758354759
0 0.0399708514099783 0.6288539583928401 0.052060737527114966 0.10539845758354759
0 0.021532673535791757 0.35571771160620774 0.04266088214027476 0.0784061696658098
