0 0.4363170322209912 0.546311437143028 0.09046454767726159 0.18695652173913044
0 0.5220953408935348 0.6039201327952018 0.08353705744288659 0.13260869565217395
1 0.6604408867298925 0.39377516103059584 0.1051344743276284 0.18478260869565225
1 0.4403919869743913 0.1459490906597144 0.14914425427872863 0.22971015598462982
0 0.20159816850757054 0.11877517761623611 0.08638959292386156 0.1463768005371094
1 0.4542875542299349 0.41291565505093786 0.10267534345625452 0.11825192802056556
0 0.29449001265365143 0.15006218461391982 0.06941431670281997 0.12210796915167098
0 0.08371633224873463 0.053038566361991814 0.12075198843094723 0.10792898457583548
0 0.19506846529284166 0.018976869703894124 0.07881417208966018 0.0398055912596401
1 0.26086745300072306 0.48810845710749307 0.08893709327548809 0.11696658097686373
