0 0.26476035891457506 0.6858041686520294 0.10105948226667556 0.13985502823539409
0 0.15819210954446855 0.7207562720175188 0.08604483007953723 0.16580976863753216
0 0.1672304320318149 0.5504477887270304 0.10267534345625452 0.11825192802056551
0 0.14083853036876356 0.43797992240312295 0.0744757772957339 0.12210796915167098
0 0.7746057031814895 0.40841694039798154 0.08242950108459865 0.15295629820051407
0 0.8404046908893709 0.5189567861563363 0.10701373825018076 0.11696658097686378
0 0.8570352042660883 0.6950493311434829 0.07809110629067248 0.13753213367609254
0 0.9354878434562546 0.6217845496524801 0.08604483007953725 0.10925449871465295
0 0.9622412780187997 0.49324984528230026 0.06869125090383221 0.1375321336760925
0 0.8834271059291395 0.3711418761306293 0.09182935647143893 0.11439588688946013
0 0.948864560737527 0.17191308435685043 0.10122921185827909 0.16066838046272497
0 0.9850178506869125 0.3525043439969533 0.028922631959508276 0.13367609254498714
0 0.7970207429501085 0.14877683757021803 0.07809110629067248 0.11182519280205656
0 0.8375124276934202 0.03183034014091212 0.08821402747650034 0.0655125321336761
0 0.9369339750542299 0.024760931400552223 0.07736804049168479 0.0513737146529563
0 0.9622412780187998 0.8010904622488811 0.07447577729573389 0.13624678663239073
