0 0.7476454631429237 0.7336302556085512 0.10350450734928944 0.15869565217391307
0 0.6410847583823605 0.7582679588821584 0.10391198044009779 0.17028994352921192
0 0.7229064985538685 0.5639439326858993 0.08893709327548803 0.17609254498714655
0 0.7753287689804772 0.4328385342283157 0.08532176428054955 0.11696658097686373
0 0.8693273228488793 0.43026784014091213 0.08966015907447585 0.12724935732647816
0 0.8064205983369487 0.5613732385984956 0.0694143167028199 0.1066838046272494
0 0.8382354934924078 0.7027614134056935 0.08676789587852494 0.15809768637532132
0 0.886680902024584 0.5832241383414263 0.07664497469269697 0.134961439588689
0 0.9597105477223428 0.5864375059506807 0.07953723788864787 0.1285347043701799
0 0.9163265997830803 0.7329670689326859 0.08387563268257417 0.16709511568123397
0 0.4654950741142444 0.8910647553080072 0.10629067245119306 0.14910025706940866
0 0.6281848788864787 0.9212704108349995 0.0947216196673897 0.12724935732647816
0 0.7323063539407085 0.9193423902694468 0.08604483007953725 0.13881748071979427
0 0.1712072939262473 0.36728583499952394 0.06146059291395517 0.10411311053984576
