0 0.4933667345365666 0.4455867773476815 0.05052972247956144 0.10434782608695654
0 0.587294990023463 0.27058677734768144 0.04930722859203082 0.09927540654721467
0 0.8819160169183284 0.4303693860433337 0.08761208681139211 0.11159415867017668
0 0.5168327458423716 0.03889974888127202 0.060014461315979754 0.07965134961439589
0 0.3573967371655821 0.5485197681614776 0.041937816341287085 0.10411311053984576
0 0.2825594269703543 0.40713159335427973 0.03543022415039768 0.07583547557840616
0 0.19796072848879248 0.501604601066362 0.057122198120028916 0.0951156812339332
0 0.13686166847433115 0.5485197681614777 0.0549530007230658 0.08868894601542418
0 0.05298603579175704 0.6783398195753595 0.05784526391901663 0.12724935732647816
0 0.6289079446854664 0.8962061434828145 0.051337671728127296 0.0668380462724936
0 0.5743164768618944 0.8788539583928401 0.0477223427331887 0.09383033419023137
0 0.523340338033261 0.9495480457964391 0.04699927693420101 0.07583547557840616
0 0.6357770697758497 0.96051366276302 0.0506146059291396 0.07712082262210798
0 0.5808240690527837 0.9579429686756166 0.052060737527114986 0.08226221079691516
