0 0.5249478390669571 0.48363025560855105 0.08924205378973109 0.15144931959069288
0 0.4283707846444899 0.6637027083195736 0.08516709903633099 0.12753620976987096
0 0.9376570408532177 0.6918359635342284 0.1236442516268981 0.16709511568123397
0 0.5255095354302242 0.24710588641340572 0.04555314533622556 0.10539845758354753
0 0.47236419920462763 0.19504933114348277 0.041937816341287085 0.09897172236503854
0 0.5493707067968185 0.18283853422831572 0.06146059291395514 0.07969151670951158
0 0.5558782989877078 0.10571771160620774 0.05712219812002897 0.07197943444730077
0 0.5439477133044107 0.06779997381700467 0.05784526391901661 0.07583547557840616
0 0.5030944956616051 0.07936809721032087 0.0368763557483731 0.08868894601542418
0 0.44488769884309476 0.08258146481957536 0.04483007953723786 0.07712082262210798
0 0.38993469812002896 0.08258146481957536 0.04916847433116415 0.07712082262210798
0 0.7084451825741143 0.4823243954108349 0.05712219812002897 0.06426735218508994
