1 0.7223805645955901 0.315514324636659 0.06682969072337255 0.11376813805621604
0 0.7822827650845878 0.7644273681149201 0.07171966627349478 0.16811596414317256
1 0.6679534978308026 0.30751719746739026 0.0498915401301519 0.13624678663239073
0 0.8281125723065799 0.05560926044939541 0.11135213304410704 0.11307037275064268
0 0.9759795281995662 0.27602619489669616 0.04699927693420101 0.15295629820051412
0 0.8888500994215472 0.7618873774159763 0.15907447577729575 0.1735218508997429
0 0.8631812635574837 0.6642010020946396 0.10050614605929138 0.1066838046272493
0 0.9698334689081707 0.7027614134056936 0.05929139551699206 0.15552699228791778
0 0.684222478308026 0.052395892840140915 0.12436731742588579 0.10664363753213368
0 0.6231234182935648 0.12821128487098923 0.07736804049168479 0.12467866323907452
1 0.5472015093998553 0.6404220817861562 0.07881417208966018 0.06940874035989714
