0 0.2867652488901252 0.793775227373157 0.05460471454051424 0.10362323263417118
0 0.40371717034847443 0.5521085164781162 0.04156479217603912 0.05652173913043484
0 0.4124784014141453 0.6267462197517236 0.04523227383863079 0.08260869565217396
0 0.6621689714389009 0.31137323859849564 0.06579898770788144 0.1362467866323908
0 0.6386693329718004 0.6089310792154623 0.04916847433116409 0.10925449871465295
0 0.637223201373825 0.7458205393697039 0.04916847433116409 0.11825192802056561
0 0.5508168383947938 0.8904220817861563 0.05278380332610263 0.10411311053984576
0 0.43838010665220534 0.9823444789583926 0.04483007953723786 0.03345919023136237
0 0.4716411334056399 0.9334812077501666 0.05350686912509038 0.09254498714652966
0 0.4929715744757773 0.8415788941254879 0.07013738250180766 0.12210796915167098
0 0.5584090292841649 0.790165012377416 0.04483007953723792 0.09383033419023137
0 0.6028775759219088 0.8120159121203465 0.041214750542299325 0.08611825192802053
0 0.5942007863340564 0.8794966319146911 0.04555314533622561 0.07197943444730079
0 0.7218218998553869 0.9302678401409121 0.06362979031091835 0.12724935732647816
0 0.6046852404193782 0.6442781229172617 0.040491684743311634 0.07712082262210798
0 0.5829932664497468 0.7072601280586499 0.04338394793926241 0.13110539845758354
0 0.41090360629067246 0.4926071717604494 0.041937816341287085 0.07197943444730073
0 0.44163390274764996 0.4321958607064648 0.02964569775849603 0.07197943444730079
0 0.41307280368763555 0.4405506164905265 0.031814895155459176 0.05526992287917738
0 0.3812579085321764 0.4206277373131487 0.033261026753434564 0.0616966580976864
0 0.40548061279826464 0.3859233671332 0.035430224150397704 0.07197943444730079
0 0.44958762653651474 0.3743552437398839 0.0368763557483731 0.06426735218509
0 0.16831503073029647 0.3229413619918119 0.06724511930585685 0.08226221079691516
0 0.17048422812725955 0.42641179900980675 0.06724511930585682 0.09125964010282778
