0 0.08851747458410536 0.6705867773476815 0.11043194162233536 0.13260869565217395
0 0.3165125939354434 0.6042824295215945 0.09046454767726159 0.15652173913043485
0 0.3201588485177151 0.3300107707321717 0.08749096167751264 0.14010282776349614
0 0.4148804681851048 0.31972799438255733 0.06146059291395514 0.13239074550128532
0 0.35341987527114965 0.20340408692754453 0.07447577729573389 0.13624678663239076
0 0.24676766992046276 0.5189567861563363 0.07664497469269707 0.12210796915167092
0 0.24206774222704266 0.9405506164905265 0.08315256688358644 0.1066838046272494
0 0.3443815527838033 0.7496765805008093 0.060737527114967445 0.12082262210796915
0 0.43838010665220534 0.6121444468247167 0.07086044830079535 0.13110539845758354
0 0.4192188629790311 0.7226842925830715 0.06869125090383221 0.10539845758354759
0 0.38487323752711494 0.8280827501666189 0.060737527114967445 0.08226221079691516
0 0.1881993402024584 0.4064889198324288 0.08966015907447578 0.14652956298200512
0 0.10540830621836585 0.4559747810149481 0.09038322487346347 0.14524421593830328
0 0.027317199927693422 0.5523758092925831 0.049891540130151846 0.17866323907455015
0 0.21603737346348517 0.30109046224888125 0.10050614605929138 0.14910025706940871
