0 0.1490309313437564 0.5702244474500082 0.10676444130596728 0.11594205109969433
0 0.6319160169183284 0.04196357788479079 0.05297471025462255 0.07826086956521741
0 0.5355427363488183 0.31297808169550756 0.06234718826405873 0.10434782608695654
0 0.203635664538047 0.3655142914653785 0.0717196289659421 0.08043478260869566
0 0.3273113023778143 0.4858041686520293 0.07457212713936431 0.0804347826086956
0 0.17429579258353708 0.44920994363929156 0.06356968215158926 0.07826086956521743
0 0.6092998799990131 0.3618911251737684 0.06153216746733652 0.08768111519191575
0 0.28859012462669426 0.5426938657407407 0.06822880771881464 0.08455882352941181
0 0.24965146163565358 0.4838703363289761 0.06616126809097178 0.09436274509803919
0 0.24448261256604642 0.4158556304466231 0.05306685044796693 0.071078431372549
0 0.15040955949919596 0.38705661083877996 0.03859407305306684 0.05269607843137257
0 0.06805256432345509 0.4771301402505446 0.08063404548587183 0.09558823529411761
0 0.5418637290374455 0.4293360226034858 0.08132322536181948 0.10784313725490194
