0 0.8454449741453686 0.2209490740740741 0.12876933128151744 0.2130434782608696
0 0.4776780505440734 0.5390650382172467 0.1251019242340312 0.20579714567764948
0 0.6924294643510914 0.5035578028975286 0.10798693519349788 0.1681159641431725
0 0.6924294643510914 0.7734853501865062 0.1373267884942314 0.2528986391813859
0 0.5522377873563219 0.8634276279956428 0.1303448275862069 0.2634803921568628
0 0.5846515804597702 0.3977413534858388 0.12068965517241381 0.2120098039215686
0 0.834306752873563 0.739040373093682 0.13172413793103446 0.20343137254901966
0 0.7039619252873563 0.3021531181917211 0.10965517241379305 0.17524509803921565
0 0.5608584770114943 0.26600115740740743 0.07862068965517235 0.13725490196078433
0 0.6822377873563218 0.1759276279956427 0.08551724137931037 0.1409313725490196
0 0.9643067528735632 0.10668743191721133 0.06758620689655169 0.20833333333333334
0 0.7449600054229935 0.07679740312291726 0.08242950108459865 0.10925449871465298
