0 0.4589331318327539 0.7796447594192677 0.032192314166602995 0.0753622967263927
0 0.5396177657173238 0.9086303219511122 0.030562347188264026 0.07826086956521737
0 0.49479296496950137 0.6492099768105721 0.04278728606356967 0.06666664455247963
0 0.5002941874633888 0.8542824626928751 0.048084809319605765 0.08260876199473507
0 0.809381404463217 0.5473983604934864 0.03871233131016964 0.057246398925781254
0 0.9697318402751249 0.8387027414908542 0.05052979709466688 0.0847826086956522
0 0.1869282418572038 0.5437751610305959 0.033414808054133556 0.05
0 0.8967897174216523 0.7191375240995497 0.03993482519770014 0.05
0 0.26863157712257096 0.4825432990868119 0.026487355127311308 0.06376807171365492
0 0.4670831159546595 0.51805053440653 0.03463730194166412 0.059420311969259496
0 0.41105213367365784 0.34160128115839816 0.04237973835765588 0.06159422501273779
0 0.6351760254901118 0.4694998208259424 0.02281991077227232 0.04202894127887228
0 0.7356242608130221 0.44594910724535475 0.03463737655676956 0.06159422501273779
0 0.8592998799990131 0.5608041686520293 0.03993482519770014 0.07826086956521737
0 0.49968294051962364 0.4267462197517236 0.030562347188264085 0.0521739130434783
0 0.5096666281652723 0.7285578028975286 0.039934825197700204 0.06884055759595788
0 0.8000089637613336 0.4455867773476815 0.030562347188264026 0.0521739130434783
0 0.9077921251018746 0.7749346034346379 0.04400977995110023 0.06594198475713321
0 0.9012721825734132 0.5818186724627461 0.030969894894177823 0.05507248588230301
0 0.29991300614605926 0.4129156550509378 0.02675343456254519 0.053984575835475564
0 0.0793779374548084 0.24582053936970388 0.035430224150397684 0.05655526992287918
0 0.31003592733188723 0.309445218032943 0.02386117136659435 0.044987146529563
0 0.32341264461315977 0.15391822574502526 0.018799710773680426 0.04241645244215938
0 0.28942855206073753 0.11471514091212036 0.026030368763557493 0.04113110539845758
0 0.30352833514099786 0.022832910834999526 0.03109182935647142 0.0475176735218509
0 0.5193634761388286 0.5549465033799865 0.028922631959508276 0.06298200514138812
0 0.4998406995661605 0.5960776087784443 0.028922631959508335 0.060411311053984576
0 0.4709180676066522 0.565871953251452 0.028922631959508335 0.06426735218508994
0 0.4973099692697035 0.4945351923260022 0.02819956616052058 0.044987146529563
0 0.5291248644251626 0.6789824930972104 0.035430224150397704 0.0616966580976864
0 0.5262326012292119 0.7965917475959251 0.041214750542299325 0.0784061696658098
0 0.5399708514099782 0.7483912334571076 0.03109182935647142 0.0616966580976864
0 0.47525646240057845 0.4489053722745882 0.027476500361532884 0.05655526992287921
0 0.44488769884309476 0.40648891983242885 0.03904555314533624 0.06940874035989719
0 0.4083728759942154 0.39235010235170903 0.02819956616052058 0.046272493573264774
0 0.8216049801156906 0.500961927544511 0.03470715835140995 0.05269922879177374
0 0.783282492769342 0.49324984528230026 0.03470715835140995 0.04241645244215936
0 0.7630366503976862 0.4643295367990098 0.026030368763557493 0.059125964010282805
0 0.9213880603759942 0.5395223388555651 0.024584237165582105 0.05526992287917738
0 0.8718580531453363 0.48682311006379136 0.03976861894432394 0.03727506426735221
0 0.8884885665220534 0.43797992240312295 0.03687635574837304 0.050128534704370196
0 0.8877655007230657 0.5459490740740741 0.023861171366594408 0.044987146529563
0 0.9253649222704267 0.4405506164905265 0.02819956616052058 0.037275064267352165
0 0.949226093637021 0.49003647767304587 0.023861171366594408 0.04884318766066837
0 0.9597105477223428 0.31651462677330283 0.027476500361532884 0.053984575835475564
0 0.8411277566883586 0.4579028015805008 0.027476500361532884 0.046272493573264774
0 0.8067821312364425 0.3974914905265162 0.032537960954446866 0.03856041131105399
0 0.7854516901663051 0.36664316147767306 0.028922631959508276 0.04884318766066837
0 0.7633981832971801 0.3839953465676473 0.03109182935647148 0.05269922879177379
0 0.7500214660159074 0.3563603851280587 0.030368763557483785 0.053984575835475564
0 0.8096743944323934 0.3647151409121204 0.023861171366594408 0.0475578406169666
0 0.803166802241504 0.3306534442540227 0.03832248734634855 0.05141388174807197
0 0.7659289135936369 0.31651462677330283 0.036153289949385346 0.053984575835475564
0 0.5446707791033985 0.553018482814434 0.023138105567606596 0.05655526992287921
0 0.5638320227765727 0.4797537013234315 0.02675343456254519 0.07197943444730079
0 0.6375847342733187 0.37499791726173476 0.02964569775849597 0.06555269922879177
0 0.5352709237165582 0.47139894553936973 0.031814895155459176 0.06555269922879177
0 0.7192911695589299 0.38142465248024376 0.02675343456254519 0.05269922879177379
0 0.7319448210412147 0.3229413619918119 0.027476500361532884 0.04884318766066837
0 0.958987481923355 0.5980056293439969 0.04338394793926253 0.0668380462724936
0 0.9691104031091828 0.6622729815290869 0.04193781634128702 0.06426735218508994
0 0.885764487135309 0.9066644539760347 0.041350792556857384 0.0845588235294117
0 0.904372343785895 0.8368115127995643 0.05513439007580984 0.0625
