0 0.6175861876687885 0.20736173142699008 0.04855972101658956 0.09283627961811268
0 0.7317837185329861 0.12841436300593742 0.05637855058834873 0.1030701754385965
0 0.22430675287356325 0.7825452750544661 0.05379310344827586 0.10171568627450983
0 0.3074102011494253 0.35362370642701524 0.02689655172413795 0.04534313725490199
0 0.5708584770114943 0.17776586328976035 0.036551724137931056 0.08578431372549018
0 0.6405136494252872 0.2862217456427016 0.050344827586206856 0.08700980392156865
0 0.6036170977011495 0.12139331427015253 0.035862068965517226 0.07598039215686277
0 0.6908584770114942 0.08033939270152506 0.043448275862069015 0.07965686274509805
0 0.30895132863340563 0.13013930543654195 0.033261026753434564 0.048843187660668384
0 0.38631936912509035 0.02668895196610492 0.027476500361532884 0.055229755784061696
0 0.3573967371655821 0.02604627844425402 0.024584237165582046 0.0539444087403599
0 0.20302218908170644 0.08900820003808436 0.031091829356471447 0.04627249357326479
0 0.11480816160520607 0.2008333928401409 0.04410701373825017 0.05141388174807197
0 0.007794423355025308 0.3653578144339712 0.016630513376717282 0.06683804627249354
0 0.026955667028199567 0.06522927972960108 0.03181489515545914 0.03984575835475579
0 0.6361386026753435 0.020904890269446825 0.051337671728127296 0.0436616323907455
0 0.7297756236442516 0.025403604922403122 0.04916847433116409 0.0526590616966581
