0 0.6524946764609438 0.2550070561456604 0.12347188264058684 0.20144925324813182
0 0.5746625407497964 0.4883404115931807 0.10880195599022008 0.1840579489003057
0 0.607262402622313 0.7524708132045089 0.15851665767305925 0.26739130434782615
1 0.15045716177669113 0.2727606903911597 0.07701711491442545 0.1514493195906929
0 0.5146635484454085 0.34093622060363704 0.09327548806941431 0.1799485861182519
0 0.5584090292841649 0.0845295689326859 0.12870571221981197 0.17091098971722363
0 0.7952130784526391 0.06589203679900982 0.15112075198843097 0.13363592544987146
0 0.4810409887924801 0.11214444682471675 0.0954446854663774 0.14910025706940874
0 0.4636874096167751 0.35250434399695324 0.08098336948662327 0.14652956298200512
0 0.41813426428054956 0.5215274802437398 0.07809110629067248 0.18380462724935734
1 0.3805348427331887 0.34993364990954967 0.060737527114967445 0.13110539845758354
0 0.24459847252349964 0.2618873774159764 0.07664497469269703 0.10411311053984576
0 0.19181466919739695 0.14492079643911265 0.05639913232104122 0.07840616966580978
