0 0.4277595377007246 0.7998666686520293 0.09453950243066167 0.16245475437330162
0 0.6787782950428509 0.1774028784219002 0.0888345060838173 0.17812500000000006
0 0.27209532223975846 0.8434128643042033 0.0969845275132755 0.14637676736582883
0 0.20750688274604284 0.37131140397174733 0.08272207395371715 0.12101447063943611
0 0.4428369747494525 0.6506592300587039 0.07986965039540035 0.11594205109969433
0 0.5267815425907001 0.5039200996239213 0.07171966627349485 0.08768118153447692
0 0.13171226171914796 0.5850795088566828 0.06642218032501149 0.0804347826086956
0 0.2747440465602237 0.4814563425650727 0.07049713507841154 0.0992754065472147
0 0.14169596801857304 0.1934128477185629 0.09942947798078393 0.168115930971892
0 0.3577582700650759 0.7406791511948966 0.06146059291395514 0.13367609254498708
0 0.3067821312364425 0.7117588427116062 0.04916847433116415 0.09897172236503857
0 0.30461293383947935 0.9682056614776731 0.09978308026030366 0.06173682519280209
0 0.4673027386117136 0.5639439326858993 0.0954446854663774 0.11953727506426733
0 0.36860425704989147 0.6204992026087784 0.0845986984815618 0.12724935732647816
0 0.39680382321041213 0.527311541940398 0.06146059291395514 0.09768637532133674
0 0.31726658532176427 0.42255575787870137 0.06579898770788144 0.134961439588689
0 0.2764133676789588 0.3627871203465677 0.07086044830079538 0.14395886889460158
0 0.31545892082429494 0.21175884271160622 0.05784526391901661 0.13753213367609257
0 0.26556738069414315 0.24003647767304578 0.05061460592913954 0.10411311053984576
0 0.14409232646420825 0.44954804579643914 0.07809110629067244 0.14267352185089974
0 0.20844518257411424 0.49839123345710745 0.05061460592913954 0.10668380462724936
0 0.17446109002169197 0.82165601494811 0.09110629067245118 0.089974293059126
0 0.15819210954446855 0.9302678401409122 0.10629067245119304 0.12467866323907463
0 0.22399109725234997 0.13785138769875274 0.09038322487346348 0.15681233933161956
0 0.2966592100506146 0.06460668975530802 0.12292118582791031 0.13106523136246787
0 0.17843795191612438 0.636566040655051 0.05133767172812726 0.089974293059126
0 0.17048422812725958 0.7246123131486242 0.049891540130151846 0.07069408740359896
0 0.7225449656543745 0.2856662977244597 0.052060737527114986 0.08740359897172235
0 0.8089513286334056 0.03823699181186328 0.06146059291395514 0.06812339331619538
0 0.7637597161966738 0.13078197895839283 0.060737527114967445 0.13753213367609254
0 0.733752485538684 0.4758976601923261 0.03976861894432394 0.0951156812339332
