0 0.5846462657029976 0.6314563425650727 0.07579462102689488 0.12971018915591032
0 0.4459722975415763 0.5401650123774161 0.042660882140274775 0.10282776349614393
0 0.40548061279826464 0.5195994596781872 0.041214750542299325 0.07712082262210798
0 0.3761964479392625 0.4842524159763877 0.033261026753434564 0.07840616966580975
0 0.4228341919739696 0.47654033371417687 0.032537960954446866 0.05526992287917738
0 0.3751118492407809 0.24903390697895839 0.02964569775849603 0.060411311053984576
0 0.31907424981923355 0.2638153979815291 0.026030368763557493 0.06940874035989719
0 0.29593614425162684 0.36728583499952394 0.030368763557483722 0.07583547557840616
0 0.38306557302964567 0.9566375380843569 0.0730296456977585 0.0848730719794345
0 0.31328972342733186 0.937337248881272 0.0723065798987708 0.11311053984575842
0 0.9275341196673897 0.4656148838427116 0.13087490961677517 0.2673521850899742
0 0.7243526301518438 0.49517786584785295 0.051337671728127296 0.0616966580976864
