0 0.09524119096552346 0.6010215599563771 0.09453952108443806 0.10652173913043483
0 0.27352157132646954 0.8539200996239213 0.05990220048899755 0.12101447063943611
0 0.10053868624089499 0.8126157849691148 0.07334963325183376 0.11811603048573369
0 0.5080366238793806 0.5713114039717474 0.061124694376528114 0.094927514117697
0 0.6052248879380604 0.43145634256507276 0.042787286063569734 0.0847826086956522
0 0.66390463184708 0.24486215072361553 0.03463730194166412 0.08985509457795515
0 0.7890064814660058 0.5238476469128989 0.06642214301745876 0.12318845002547553
0 0.301548132183908 0.7390403730936819 0.042758620689655184 0.07352941176470586
0 0.25361709770114943 0.7200452750544662 0.04068965517241381 0.07965686274509802
0 0.22051364942528734 0.7978639025054466 0.057241379310344814 0.11274509803921567
0 0.1998239942528736 0.9063197848583879 0.05999999999999999 0.10661764705882362
0 0.2563757183908046 0.9609689882897604 0.07103448275862068 0.07621017156862749
0 0.038789511494252873 0.9455354711328975 0.07448275862068965 0.10416666666666656
0 0.14809985632183909 0.8517854711328976 0.06689655172413794 0.10539215686274504
0 0.11913433908045977 0.688182529956427 0.0793103448275862 0.116421568627451
0 0.17258261494252872 0.7408786083877995 0.05793103448275862 0.10661764705882351
0 0.21223778735632184 0.6698001770152505 0.05862068965517242 0.1115196078431372
0 0.1829274425287356 0.6048491966230938 0.06206896551724137 0.1115196078431373
0 0.26154813218390804 0.6348737064270152 0.03586206896551725 0.07843137254901965
0 0.2880998563218391 0.5760501770152505 0.04758620689655171 0.08823529411764702
0 0.2356860632183908 0.5742119417211329 0.039310344827586205 0.0674019607843137
0 0.2460308908045977 0.5227413534858387 0.05586206896551724 0.08210784313725486
0 0.35292744252873565 0.4957805691721134 0.04068965517241381 0.07230392156862749
0 0.3070653735632184 0.4559521377995643 0.04689655172413794 0.08088235294117643
0 0.261548132183908 0.44921194172113293 0.04275862068965516 0.0625
0 0.6863757183908046 0.6667364515250545 0.03862068965517243 0.08088235294117649
0 0.8477550287356321 0.5264178240740741 0.06344827586206894 0.10171568627450983
0 0.8267205459770115 0.4093835103485839 0.06689655172413798 0.1053921568627451
0 0.7970653735632183 0.34504527505446625 0.057241379310344814 0.08455882352941176
0 0.9043067528735632 0.43021684368191726 0.06758620689655169 0.09558823529411767
0 0.8863757183908046 0.778868804466231 0.0620689655172414 0.09926470588235298
0 0.28637571839080456 0.08462860838779958 0.041379310344827606 0.09803921568627452
0 0.21672054597701151 0.1005599809368192 0.03310344827586208 0.07598039215686277
0 0.11878951149425286 0.038174870642701524 0.06758620689655173 0.0782015931372549
0 0.17085847701149426 0.1091384123093682 0.06551724137931035 0.09068627450980393
0 0.1843067528735632 0.02653271377995643 0.05793103448275862 0.05491727941176471
0 0.7343067528735632 0.25129527505446625 0.02827586206896555 0.056372549019607865
0 0.8818929597701148 0.2151433142701525 0.035172413793103395 0.06004901960784316
0 0.965341235632184 0.3995795887799564 0.05172413793103452 0.09313725490196077
0 0.9105136494252872 0.594432529956427 0.0620689655172414 0.09803921568627451
0 0.9656860632183907 0.7408786083877995 0.04965517241379314 0.08210784313725486
0 0.9708584770114941 0.296025667211329 0.05586206896551727 0.09191176470588235
0 0.6187895114942529 0.11220213779956428 0.030344827586206928 0.040441176470588244
0 0.761892959770115 0.14345213779956428 0.03103448275862064 0.04166666666666667
0 0.9427185014461316 0.49646321289155476 0.055676066522053466 0.06940874035989719
0 0.9145189352856109 0.7091881486242028 0.055676066522053466 0.08868894601542418
0 0.9466953633405639 0.8203706679044083 0.04483007953723792 0.08226221079691516
0 0.9568182845263918 0.6622729815290869 0.040491684743311634 0.07969151670951162
0 0.9694719360086768 0.5774400766447683 0.04699927693420101 0.10539845758354759
0 0.9629643438177874 0.8968488170046653 0.052783803326102684 0.07326478149100261
0 0.8176281182212581 0.08193879129772445 0.03109182935647148 0.04755784061696657
0 0.8794502440347072 0.13592336713320002 0.04916847433116409 0.09125964010282776
0 0.9528414226319595 0.18540922831571932 0.03832248734634855 0.05912596401028278
0 0.9181342642805495 0.13720871417690184 0.04555314533622561 0.07326478149100256
0 0.19579153109182937 0.43990794296867564 0.0368763557483731 0.06169665809768635
0 0.7720749728850326 0.02795421546224888 0.02819956616052058 0.03727506426735219
0 0.7532752621113521 0.3242267090355137 0.02096890817064351 0.05141388174807197
0 0.8718580531453363 0.051733135770732165 0.032537960954446866 0.05912596401028277
0 0.8469122830802603 0.024740847852994387 0.031814895155459176 0.03856041131105399
