0 0.2134155969845151 0.4147896648413126 0.07579462102689488 0.11811596414317257
0 0.1875394888009691 0.19594909065971436 0.08516709903633099 0.12536232989767324
0 0.25742537693561535 0.3050070561456604 0.07823960880195599 0.11594205109969427
0 0.7635378836808209 0.16189110858812808 0.06927467849843368 0.17028984401537023
0 0.1339694052783803 0.2683141126344854 0.0549530007230658 0.10154241645244219
0 0.06563968727404194 0.25353262163191476 0.05712219812002893 0.12339331619537275
0 0.10323910882140273 0.15777426687613064 0.06579898770788142 0.10668380462724937
0 0.9495876265365147 0.48039637484528225 0.09978308026030369 0.20694087403598968
0 0.9528414226319595 0.24967658050080932 0.09327548806941431 0.2467866323907455
0 0.9517568239334779 0.05237580929258307 0.09399855386840202 0.09383033419023136
