0 0.3461869981553819 0.5615283980936567 0.09423865801022373 0.14327487610934075
0 0.21511703302830826 0.29069508149145173 0.0847736499927662 0.10307020890085321
0 0.3038001543209876 0.4438383619222957 0.0876543209876543 0.11695908663565655
0 0.4194380395206404 0.4756365740740741 0.09259259259259262 0.1907894736842105
0 0.29433514630353014 0.3550225724486115 0.06049382716049383 0.07383038704855402
0 0.6229359567901234 0.8115284315559134 0.11851851851851856 0.18859649122807023
0 0.5435866787273145 0.6774977873093682 0.06822880771881466 0.11397058823529416
0 0.6952062514357915 0.5911007284858387 0.10957960027567198 0.1838235294117647
0 0.5911400901677004 0.5665909245642701 0.05720192970365261 0.09068627450980386
0 0.6111263065701815 0.4575222971132898 0.06271536871123366 0.107843137254902
0 0.5404853692855502 0.5322771990740741 0.052377670572019315 0.14460784313725486
0 0.9240139702504021 0.6468605324074075 0.11922811853893868 0.16299019607843135
0 0.6917603520560534 0.41830661083877996 0.08201240523776707 0.142156862745098
0 0.49741162703882386 0.4409781794662309 0.058580289455547906 0.1188725490196078
0 0.36095401160119456 0.40850268927015254 0.053066850447966905 0.1004901960784314
1 0.36336614116701127 0.08313504221132899 0.07029634734665749 0.13848039215686275
1 0.4863847490236619 0.27186053240740743 0.046175051688490676 0.14338235294117643
