0 0.42103582131930656 0.5510215599563771 0.05175221636709199 0.07753627611243206
0 0.22339930328394017 0.6774708132045091 0.06397719254995034 0.10869565217391308
0 0.37702604136820633 0.9155143578079398 0.05175221636709199 0.07753627611243216
0 0.3093813858094406 0.4966737338694206 0.0493072658995836 0.08333328910495925
0 0.20220941545133583 0.5571809691891386 0.08272211126126988 0.12318838368291436
0 0.07588505329110318 0.5640650382172467 0.06642218032501146 0.10362323263417118
0 0.8287375328107491 0.45065923005870395 0.03993482519770014 0.06666664455247968
0 0.08036751844286433 0.1169635778847908 0.05175225367464472 0.09492751411769701
0 0.7674091018888167 0.1593548822326169 0.03463737655676956 0.07101447063943614
0 0.038598980394532835 0.33326794229651807 0.07171964761971844 0.13478264186693276
0 0.17663028741865508 0.46947092497381704 0.06652205350686913 0.0951156812339332
0 0.18386094540853215 0.424483778444254 0.04483007953723789 0.07969151670951158
0 0.10215451012292118 0.4771830072360278 0.0549530007230658 0.0925449871465296
0 0.4618797451193058 0.31394393268589926 0.051337671728127234 0.07197943444730079
0 0.6806071493130874 0.06715730029515377 0.027476500361532884 0.07969151670951158
0 0.7120605115690528 0.07101334142625916 0.03398409255242226 0.06426735218508997
0 0.16325357013738248 0.15134753165762166 0.06579898770788142 0.11439588688946016
0 0.12999254338394792 0.19762002523088643 0.04699927693420101 0.09125964010282775
0 0.03527092371655821 0.17319843140055224 0.06724511930585683 0.11439588688946016
0 0.12818487888647867 0.5549465033799867 0.05061460592913954 0.0784061696658098
