0 0.8267000554340491 0.37493460343463797 0.12387943034650063 0.24130434782608698
0 0.5353390371109669 0.8408766213630517 0.10757946210268947 0.15579707933508832
0 0.4762518201111387 0.4492099768105721 0.04808473470450032 0.09710142716117529
0 0.8792672925978633 0.8800070561456604 0.17848410757946218 0.2253622967263926
0 0.5925826149425287 0.9523905569172114 0.09793103448275862 0.0933670343137255
0 0.5179173445408533 0.5767974031229173 0.052060737527114986 0.0784061696658098
0 0.5486476409978307 0.5009619275445111 0.049891540130151846 0.07583547557840621
0 0.5638320227765727 0.40456089926687616 0.051337671728127296 0.11182519280205655
0 0.5139404826464208 0.36985652908692757 0.03832248734634849 0.07583547557840616
0 0.47923332429501087 0.3402935470817861 0.04844540853217646 0.07583547557840616
0 0.1350540039768619 0.309445218032943 0.06001446131597977 0.08611825192802058
0 0.3758349150397686 0.32615472960106634 0.060014461315979754 0.08611825192802053
0 0.4719119716287618 0.9703324993191721 0.11509303928325293 0.057483149509803974
