0 0.4597481526294762 0.7785578028975286 0.08109206966782552 0.1442029206649117
0 0.34992743929712966 0.9416012479871176 0.09046454767726164 0.10217391304347824
0 0.6751108133802592 0.23507950885668283 0.08394453053369494 0.13695652173913048
0 0.31264137572744755 0.8046447262479873 0.10146699266503667 0.15869565217391307
0 0.23073426660912352 0.38797808169550757 0.07049713507841154 0.12101453698199734
0 0.15758838855647028 0.46841286430420326 0.07334963325183373 0.12101453698199728
0 0.4795117913753693 0.5723983936647672 0.07334963325183376 0.08260869565217396
0 0.19100321526438027 0.8872534882427223 0.09453953973821443 0.12971018915591043
0 0.7684278592309431 0.192688221094497 0.06519964912992814 0.1275362429411515
0 0.38848856652205344 0.7271830072360278 0.06362979031091828 0.10925449871465295
0 0.39138082971800436 0.6462061434828144 0.0838756326825741 0.10154241645244211
0 0.3241357104121475 0.7149722103208607 0.060737527114967445 0.10796915167095113
0 0.40548061279826464 0.5767974031229173 0.06146059291395514 0.09897172236503857
0 0.5298479302241503 0.527954215462249 0.05856832971800436 0.08868894601542418
0 0.4705565347071583 0.6519902051794725 0.07881417208966018 0.089974293059126
0 0.7048298535791757 0.3345094853851281 0.055676066522053466 0.10025706940874039
0 0.3313663684020246 0.4514760663619918 0.06507592190889373 0.13367609254498714
0 0.28798242046276207 0.5106020303722746 0.05929139551699203 0.11053984575835477
0 0.29376694685466376 0.3839953465676473 0.060737527114967445 0.13496143958868895
0 0.1292694775849602 0.6127871203465677 0.055676066522053494 0.1066838046272493
0 0.17843795191612438 0.6699850637912977 0.06724511930585685 0.089974293059126
0 0.18819934020245838 0.5735840355136628 0.05929139551699203 0.09768637532133674
0 0.22001423535791756 0.51445807150338 0.05784526391901664 0.09768637532133674
0 0.11010823391178598 0.7734555008092926 0.0650759219088937 0.08097686375321335
0 0.1791610177151121 0.21175884271160622 0.07736804049168476 0.15552699228791772
0 0.2409831435285611 0.29594907407407406 0.05639913232104122 0.10025706940874039
0 0.3349816973969631 0.2606020303722746 0.05495300072306577 0.10411311053984579
0 0.2952130784526392 0.2599593568504237 0.04627621113521331 0.11311053984575835
