0 0.18753948880096907 0.5876157517978343 0.05338225796053638 0.07101447063943611
0 0.14169596801857298 0.892688270851418 0.05949472739818919 0.08985502823539399
0 0.47482555237065127 0.4053693860433336 0.03708228971672523 0.057246332583220136
0 0.23953701193058569 0.5440210535085213 0.03181489515545914 0.07455012853470433
0 0.1994068600867679 0.48360974245453675 0.0441070137382502 0.07712082262210793
0 0.22182189985538686 0.3859233671332 0.03543022415039768 0.07197943444730079
0 0.22507569595083154 0.3229413619918119 0.028922631959508303 0.05655526992287916
0 0.15059991865509761 0.35571771160620774 0.04916847433116415 0.10411311053984576
0 0.47236419920462763 0.11342979386841853 0.04916847433116415 0.08740359897172234
0 0.6827763467100505 0.2586740098067219 0.036153289949385346 0.06683804627249357
