0 0.18034336419753086 0.8290722912050362 0.11975308641975307 0.16666666666666669
0 0.5147055543499228 0.8279757999769661 0.10864197530864192 0.212719298245614
0 0.4194380395206404 0.7852126086199724 0.0736625012056327 0.15497073792574692
0 0.7363104549455054 0.7420839424951268 0.1329218358169367 0.24122807017543857
0 0.41882075557002313 0.5286336612515514 0.0806584864486883 0.14327487610934075
0 0.20534123563218387 0.653868804466231 0.09586206896551722 0.10416666666666667
0 0.08913433908045978 0.7463933142701524 0.09793103448275864 0.13725490196078433
0 0.11775502873563219 0.6581580201525055 0.05724137931034483 0.08333333333333334
0 0.05016882183908046 0.6648982162309368 0.06413793103448276 0.07475490196078433
1 0.12154813218390803 0.44308449074074074 0.09379310344827585 0.13848039215686275
0 0.3112033045977011 0.6115893927015251 0.07448275862068965 0.1348039215686275
1 0.23672054597701145 0.43634429466230934 0.08551724137931031 0.1519607843137255
0 0.33706537356321836 0.5227413534858387 0.06551724137931032 0.10171568627450978
0 0.4794791666666666 0.688182529956427 0.060689655172413794 0.1115196078431373
0 0.3453412356321839 0.6979864515250545 0.06965517241379307 0.0894607843137255
0 0.944996408045977 0.7727413534858388 0.09655172413793107 0.1433823529411765
0 0.8363757183908046 0.6134276279956428 0.11655172413793101 0.24877450980392155
0 0.9394791666666666 0.6103639025054467 0.09793103448275862 0.17647058823529416
0 0.7836170977011494 0.4289913534858388 0.09517241379310341 0.14460784313725492
0 0.704996408045977 0.5711482162309368 0.08137931034482762 0.125
0 0.6880998563218391 0.40815802015250546 0.08758620689655175 0.13725490196078433
0 0.5043067528735632 0.5723737064270151 0.07862068965517241 0.17401960784313722
0 0.374996408045977 0.4198001770152506 0.08896551724137929 0.116421568627451
0 0.3377550287356321 0.32237370642701524 0.07517241379310342 0.10294117647058824
0 0.7467205459770114 0.9320550789760348 0.12620689655172418 0.12867647058823523
0 0.6001688218390804 0.9345060593681918 0.07448275862068965 0.12132352941176469
0 0.5770119027107742 0.702620336328976 0.08545830461750512 0.12990196078431368
0 0.8998926745922353 0.9085026892701524 0.17022742935906265 0.17647058823529405
