0 0.24295920548442915 0.4941374909282691 0.08109210697537822 0.11594205109969427
0 0.2688353323217515 0.619862117552335 0.07171966627349478 0.11086956521739132
0 0.3299600266982796 0.4528331431021822 0.05052972247956144 0.07536229672639265
0 0.4102371501844883 0.8354418387543561 0.05460475184806691 0.09710142716117524
0 0.4442632051823872 0.4955867773476815 0.06397715524239764 0.08985502823539404
0 0.11643108812501592 0.51805053440653 0.06764467421254203 0.09710142716117529
0 0.030245269054111276 0.566238951260725 0.061532204774889215 0.13260869565217395
0 0.041043958842705786 0.905007089316941 0.08312958435207825 0.10869565217391297
0 0.1715688268257411 0.4958205393697039 0.03904555314533621 0.109254498714653
0 0.2069990509761388 0.4122729815290869 0.0737527114967462 0.08611825192802058
0 0.14011546456977583 0.4431213105779301 0.05567606652205351 0.07583547557840616
0 0.07901640455531454 0.4456920046653337 0.05350686912509039 0.09125964010282772
0 0.4662181399132321 0.2753835213748453 0.04699927693420101 0.053984575835475564
0 0.8056975325379611 0.40520357278872704 0.04483007953723792 0.05141388174807197
0 0.7460446041214749 0.14749149052651625 0.03687635574837304 0.05526992287917738
0 0.7008529916847431 0.12628326430543657 0.023138105567606596 0.0488431876606684
0 0.13505400397686187 0.15263287870132342 0.04989154013015183 0.08097686375321336
0 0.1599997740419378 0.09607760877844425 0.05061460592913954 0.09383033419023136
0 0.08407786514822849 0.07551205607921546 0.05206073752711496 0.10925449871465298
0 0.03165559472161966 0.11342979386841856 0.064352856109906 0.12339331619537275
0 0.04756304229934924 0.28630897124631055 0.064352856109906 0.11182519280205656
0 0.03382479211858279 0.39684881700466534 0.06146059291395516 0.08354755784061699
