0 0.39312223575906047 0.7379780816955076 0.08883458069892267 0.14420285432235058
0 0.5009054344071542 0.5676882376801374 0.05745721271393644 0.1398550945779552
0 0.4768630297473513 0.7347172121302903 0.06234718826405867 0.16086956521739132
0 0.5966674307253464 0.6387027083195735 0.05745721271393644 0.1253622967263927
0 0.40840340935319247 0.5771085164781162 0.06886713079251988 0.12101453698199734
0 0.39189974187153 0.9223304588821584 0.08394460514880044 0.1534872303838315
0 0.14291846190610358 0.658630255608551 0.0757946210268949 0.13768111519191575
0 0.29674893653577383 0.3379780816955076 0.06397719254995034 0.12101453698199734
0 0.46891681947840264 0.38073171594100685 0.048899755501222525 0.06884055759595788
0 0.47156558110642066 0.4658766545343323 0.05745721271393644 0.07826086956521743
