0 0.31732757742461287 0.7535577697262482 0.10268948655256725 0.16521739130434782
0 0.8108076348961518 0.8542824295215945 0.14506922491022312 0.2246376369310462
0 0.5609397595806218 0.5234555008092926 0.07592190889370934 0.08740359897172235
0 0.8422123553868403 0.6314246524802438 0.07592190889370928 0.08226221079691516
0 0.3328125 0.29851976816147774 0.07809110629067248 0.0976863753213368
0 0.32955870390455533 0.2040467604493954 0.04699927693420101 0.10411311053984573
0 0.3259433749096168 0.09286424116918976 0.05567606652205352 0.12596401028277635
0 0.2543598608098337 0.28952233885556505 0.04844540853217646 0.11053984575835475
0 0.2507445318148952 0.1436354493954108 0.08026030368763559 0.13239074550128532
0 0.22869102494577004 0.045306400552223174 0.05061460592913954 0.08226221079691516
0 0.186753208604483 0.20340408692754447 0.05784526391901664 0.11053984575835475
0 0.1809686822125814 0.07358403551366277 0.04772234273318873 0.08483290488431876
