0 0.7900252388081322 0.6444998208259424 0.09046454767726159 0.13695652173913045
0 0.6944669790353442 0.6872534550714416 0.05582724573559747 0.094927514117697
0 0.8040839185147336 0.8289201327952018 0.08924205378973109 0.14202907396399456
0 0.41044088672989254 0.4339925523349437 0.05990220048899755 0.10869565217391308
0 0.663089611050358 0.8919636110560715 0.07294216016102541 0.11159429135529886
0 0.5235215713264696 0.8868911251737684 0.06519972374503365 0.1159419847571331
0 0.6431222357590605 0.749934603434638 0.04930722859203082 0.09275366741677987
0 0.5874102011494252 0.8315648828976036 0.07379310344827582 0.12377450980392163
0 0.4505136494252873 0.9081580201525055 0.0703448275862069 0.1348039215686274
0 0.40154813218390806 0.8542364515250545 0.04413793103448279 0.10049019607843135
0 0.6974102011494253 0.796025667211329 0.057931034482758645 0.08700980392156865
0 0.5898239942528735 0.9492119417211329 0.09517241379310341 0.09191176470588235
0 0.8570352042660881 0.7490339069789583 0.05495300072306577 0.09640102827763491
0 0.9557336858279103 0.7785968889840997 0.08170643528561096 0.12982005141388173
0 0.6748226229211859 0.9810591319146911 0.0737527114967462 0.036029884318766026
0 0.543224647505423 0.4508333928401409 0.03470715835140995 0.08868894601542412
0 0.1531306489515546 0.025403604922403122 0.04699927693420101 0.0526590616966581
