1 0.4556860632183908 0.4001923338779957 0.12896551724137933 0.23897058823529416
1 0.5470653735632183 0.13793743191721133 0.1296551724137931 0.2561274509803922
1 0.4205136494252874 0.09075605936819171 0.15655172413793103 0.18137254901960784
0 0.4787895114942529 0.25129527505446625 0.04827586206896554 0.08088235294117643
0 0.3970653735632183 0.23720213779956426 0.05172413793103446 0.09681372549019608
0 0.4518929597701149 0.18450605936819173 0.04137931034482758 0.09926470588235294
1 0.3060308908045977 0.2690648828976035 0.16068965517241376 0.29289215686274517
1 0.07016882183908045 0.29847664760348586 0.1413793103448276 0.39093137254901955
1 0.16844468390804596 0.49087860838779956 0.22068965517241376 0.31740196078431376
0 0.3136170977011494 0.5215158632897604 0.06827586206896552 0.12377450980392153
0 0.13258261494252874 0.13058449074074074 0.09517241379310344 0.1482843137254902
