0 0.25803664253315695 0.749934603434638 0.09576203362574495 0.1492754065472147
0 0.3432037229157116 0.616238951260725 0.07457212713936431 0.13260869565217395
0 0.074737677723877 0.8208864896238963 0.129841625835992 0.1578457571356497
0 0.435705785277226 0.5934128643042033 0.05745721271393644 0.1347826086956522
0 0.25803662387938064 0.6184128643042033 0.07457212713936429 0.0992754065472147
0 0.8554405725936136 0.6983311206427015 0.06616126809097173 0.1433823529411765
0 0.5952751694233862 0.43117425789760344 0.042039972432804974 0.09926470588235294
0 0.6442069406156674 0.43607621868191726 0.0392832529290145 0.07965686274509808
0 0.29617110326211804 0.3490664147603486 0.046175051688490676 0.09191176470588235
0 0.34958254364805885 0.32884582652505445 0.03997243280496209 0.10784313725490194
0 0.35612975246956124 0.4930615127995643 0.07098552722260507 0.09068627450980392
0 0.11870728520560533 0.5549487677015251 0.07994486560992421 0.10661764705882351
0 0.16798364633586033 0.6958801402505448 0.07374224672639558 0.153186274509804
0 0.038073239719733525 0.6339928853485839 0.07029634734665749 0.07843137254901965
0 0.05047847748679071 0.9360762186819171 0.10062026188835287 0.10171568627450983
0 0.1972737910636343 0.5475958265250546 0.07580978635423845 0.12377450980392163
0 0.2792861963014013 0.5322771990740741 0.06478290833907649 0.1029411764705882
0 0.4054061135998162 0.6781105324074075 0.07029634734665749 0.1348039215686275
