0 0.6278410621649284 0.5687751942018764 0.06927467849843368 0.12318838368291436
0 0.3584848778560673 0.8930505675778105 0.05215972676545307 0.13260869565217384
0 0.4879101138828633 0.4778256807578787 0.03398409255242226 0.07069408740359896
0 0.44380310014461305 0.4598308221460536 0.03832248734634849 0.05784061696658098
0 0.46079514642082425 0.4090596139198324 0.0361532899493854 0.059125964010282805
0 0.4137958694866233 0.42127041083499955 0.041937816341287085 0.08097686375321339
0 0.4271725867678959 0.9225557578787014 0.10195227765726683 0.152956298200514
0 0.2868978217642805 0.9540668439969533 0.0918293564714389 0.0900144601542417
0 0.2615905187997108 0.5600878915547939 0.05856832971800436 0.11439588688946013
0 0.9658566070137382 0.39170742882985815 0.06724511930585682 0.32262210796915164
0 0.7746057031814895 0.4392652694468247 0.060737527114967445 0.08611825192802058
