0 0.6251923378444633 0.5191375240995498 0.042787286063569734 0.0847826086956522
0 0.42633330726778984 0.3948621507236156 0.033007334963325204 0.05507248588230301
0 0.3434074594611158 0.810079575199244 0.05052972247956144 0.12318845002547558
0 0.20954437877651924 0.5452244806212889 0.06479217603911983 0.0847826086956522
0 0.19100321526438022 0.8752969665035919 0.06519968643748089 0.09710149350373645
0 0.0479714397501926 0.759354882232617 0.05867972525524335 0.10144925324813182
0 0.16899832528883008 0.734354882232617 0.07416461674100322 0.11376813805621609
0 0.2879877427776557 0.7973983936647672 0.05460471454051419 0.09202907396399457
0 0.23419801172631102 0.6705867773476815 0.05052975978711416 0.07608695652173912
0 0.1170423350687812 0.6100795420279633 0.06886716810007258 0.10144925324813182
0 0.3465507501807664 0.7136868632771588 0.041937816341287085 0.06940874035989714
0 0.2977438087490962 0.7111161691897554 0.03832248734634855 0.06940874035989714
0 0.2850901572668113 0.6462061434828145 0.04483007953723786 0.06298200514138823
0 0.2915977494577007 0.6057177116062077 0.03759942154736079 0.0616966580976864
0 0.2753287689804772 0.5472344211177758 0.04410701373825017 0.05526992287917738
0 0.24279080802603037 0.4938925188041512 0.03398409255242226 0.06940874035989714
0 0.21567584056399133 0.4591881486242026 0.027476500361532916 0.048843187660668426
0 0.18928393890093997 0.49839123345710756 0.038322487346348515 0.050128534704370196
0 0.15168451735357916 0.5459490740740741 0.03976861894432392 0.06812339331619542
0 0.058047496384671 0.6661290226601922 0.05061460592913954 0.08740359897172235
0 0.18856087310195227 0.636566040655051 0.049891540130151846 0.08483290488431872
0 0.24351387382501807 0.5967202823002951 0.04121475054229936 0.06426735218508994
0 0.24785226861894435 0.745177865847853 0.04121475054229936 0.08611825192802053
0 0.21459124186550976 0.7882369918118632 0.042660882140274775 0.0668380462724936
0 0.0707011478669559 0.8300107707321717 0.05422993492407809 0.07583547557840616
0 0.10866210231381057 0.7663860920689327 0.04049168474331165 0.08740359897172235
0 0.45537215292841643 0.3704992026087784 0.02819956616052058 0.053984575835475564
0 0.40548061279826464 0.42255575787870137 0.03109182935647142 0.044987146529563
