0 0.5819895049672067 0.8396716617933724 0.09012345679012342 0.21710526315789477
0 0.4126479160638503 0.6872594145538747 0.08477361231674382 0.169590665583025
0 0.797627352490837 0.8411336612515514 0.08600825557002309 0.15277775546960667
0 0.7478331012490356 0.6773909600389864 0.08024691358024694 0.16008771929824567
0 0.4260223765432099 0.46028569688109167 0.09012345679012347 0.15570175438596495
0 0.2817836996949749 0.5377710993062219 0.0806584487726659 0.14839185748183936
0 0.48879687858947857 0.8453899441721134 0.09510682288077188 0.2316176470588235
0 0.6910711721801057 0.8288458265250545 0.12336319779462444 0.2549019607843138
0 0.5711538737652194 0.6260271990740741 0.09855272226051 0.17769607843137253
0 0.7510298213875489 0.520635042211329 0.08614748449345283 0.15318627450980393
0 0.8378664857569492 0.7050713167211329 0.087525844245348 0.19607843137254902
0 0.6566121783827246 0.5273752382897604 0.08890420399724329 0.19852941176470587
0 0.5639174850677694 0.47590465005446625 0.06753962784286696 0.107843137254902
0 0.3275287876177349 0.4201448461328976 0.06616126809097173 0.116421568627451
0 0.3244274781759707 0.6517624931917211 0.059958649207443135 0.11887254901960784
0 0.3788726883758328 0.5726609306917211 0.05720192970365267 0.11040900735294118
0 0.6338692424764532 0.3698997480936819 0.0696071674707099 0.11151960784313726
0 0.4670877124971285 0.5923262186819173 0.0640937284631289 0.125
0 0.2544757207672869 0.21181151279956426 0.06891798759476225 0.11642156862745097
0 0.2537865408913393 0.41217915985838777 0.05789110957960025 0.1053921568627451
0 0.22518557603951303 0.48509582652505445 0.05444521019986217 0.11887254901960789
0 0.3854198971973352 0.33068406181917215 0.07856650585802895 0.1433823529411765
0 0.2941035636342752 0.3159781794662309 0.08890420399724326 0.11151960784313726
0 0.561160765563979 0.34232621868191726 0.06891798759476218 0.12990196078431374
1 0.4370653735632184 0.21820703976034858 0.1 0.18627450980392155
0 0.5226172722342733 0.6474914905265162 0.08604483007953725 0.13753213367609254
0 0.5027329627621114 0.46370694682471675 0.06507592190889368 0.10664363753213373
0 0.4824871203904556 0.3518616704751023 0.07809110629067242 0.12210796915167092
0 0.7135066431670282 0.3891367347424546 0.09182935647143893 0.12467866323907457
0 0.5840778651482283 0.20661745453679903 0.11207519884309475 0.15809768637532137
1 0.36679659255242225 0.11728583499952396 0.04916847433116415 0.11568123393316196
1 0.36209666485900216 0.06715730029515377 0.05856832971800436 0.07712082262210798
0 0.31835118402024587 0.15327555222317435 0.052060737527114986 0.10539845758354756
0 0.8992034947162876 0.8741889637799565 0.12336319779462444 0.16666666666666669
0 0.7186383672180107 0.06720366966230937 0.07512060647829083 0.09436274509803921
0 0.7813537359292442 0.14502229711328976 0.07649896623018612 0.061274509803921566
0 0.8482041838961637 0.14318406181917212 0.058580289455547906 0.08210784313725492
