0 0.46626813246549004 0.7484853501865063 0.05745721271393644 0.10869565217391308
0 0.3026576694280225 0.8245723067082454 0.06519968643748092 0.10869565217391308
0 0.3617448864278505 0.5274708463757894 0.05867974390901972 0.09275360107421875
0 0.4736030584831207 0.5807317159410068 0.05582724573559747 0.10362316629161007
0 0.5208728470060042 0.7191374909282692 0.04930722859203082 0.09637683370838994
0 0.09646369417994219 0.42348531701522557 0.0488997555012225 0.07318838368291442
0 0.4974102011494253 0.8438197848583878 0.06620689655172415 0.12867647058823534
0 0.5408584770114941 0.6471286083877995 0.04275862068965512 0.06372549019607848
0 0.5270653735632184 0.5852413534858387 0.04965517241379308 0.08455882352941181
0 0.5436170977011495 0.5398982162309368 0.04551724137931039 0.07965686274509802
0 0.5032722701149425 0.5117119417211329 0.04068965517241381 0.0674019607843137
0 0.5101688218390804 0.4682070397603486 0.036551724137931056 0.05637254901960789
0 0.49016882183908045 0.9658709490740741 0.06827586206896552 0.06640625
0 0.40741020114942533 0.9579052627995642 0.06275862068965517 0.08233762254901965
0 0.3439619252873563 0.9554542824074075 0.04896551724137931 0.08723958333333334
0 0.22223778735632185 0.9351188044662309 0.06344827586206897 0.10784313725490188
0 0.2901688218390805 0.9732238902505446 0.04482758620689656 0.05170036764705872
0 0.46154813218390806 0.44798645152505445 0.042758620689655184 0.0674019607843137
0 0.42292744252873565 0.4228639025054466 0.03862068965517243 0.06372549019607843
0 0.019479166666666665 0.7053393927015251 0.04 0.11887254901960784
0 0.018789511494252877 0.5135501770152506 0.038620689655172416 0.1053921568627451
0 0.4654950741142444 0.4007048581357707 0.042660882140274775 0.07583547557840616
0 0.1845840112075199 0.1513475316576216 0.027476500361532916 0.04755784061696657
