0 0.3849722702909313 0.5992099436392915 0.0757946583344476 0.10869565217391308
0 0.5434889839253196 0.9412389512607249 0.05460475184806691 0.10144931959069284
0 0.4832101861894433 0.16355832857278874 0.05639913232104122 0.08740359897172235
0 0.4307879157628344 0.12564059078358564 0.04699927693420101 0.09640102827763494
0 0.4325955802603037 0.036951644768161485 0.0361532899493854 0.06812339331619538
0 0.3870424349240781 0.040827769446824716 0.041937816341287085 0.08350739074550129
0 0.48284865328994936 0.054303829858135776 0.05422993492407807 0.08483290488431876
0 0.5421400488069413 0.035686381272017516 0.04699927693420101 0.07322461439588689
0 0.6513229844540853 0.2670287655907836 0.03832248734634855 0.07840616966580978
0 0.5410554501084599 0.13335267304579643 0.04483007953723792 0.09125964010282776
0 0.5844393980477224 0.06908532086070647 0.04193781634128702 0.08611825192802056
0 0.7793056308749096 0.16805704322574502 0.04266088214027472 0.07326478149100256
0 0.8317279013015183 0.19183596353422833 0.04483007953723792 0.06683804627249357
0 0.8255818420101227 0.12692593782728745 0.06146059291395514 0.07069408740359898
0 0.8194357827187274 0.06844264733885556 0.0506146059291396 0.06940874035989716
0 0.8704119215473608 0.03954242240312292 0.052783803326102684 0.08093669665809769
0 0.8179896511207518 0.00933676687613063 0.07664497469269697 0.02052538560411311
0 0.8841501717281273 0.17191308435685043 0.06290672451193054 0.07583547557840616
0 0.9297033170643529 0.11150177330286584 0.03832248734634855 0.07840616966580978
0 0.22399109725234995 0.2953064005522232 0.03398409255242226 0.05526992287917738
