0 0.6885582461430955 0.9295767914653785 0.07579462102689488 0.13899456521739123
0 0.685094501025908 0.3850795088566828 0.05582724573559747 0.10652173913043478
0 0.770261600062239 0.5202244806212888 0.08272211126126988 0.13043478260869562
0 0.8839535316025814 0.3687751610305958 0.06805218461090318 0.13043478260869568
0 0.4768630297473513 0.4575432990868119 0.05745721271393644 0.12246372388756795
0 0.7478522686189443 0.4206277373131486 0.06218365871294284 0.11568123393316192
0 0.8118435918293564 0.40520357278872704 0.06146059291395514 0.10025706940874039
0 0.8519737436731742 0.48682311006379136 0.0766449746926971 0.11439588688946019
0 0.9640489425162689 0.9245239455393698 0.060737527114967445 0.14910025706940877
0 0.9307879157628345 0.11792850852137483 0.06507592190889373 0.12982005141388173
0 0.41885733007953724 0.4142010020946396 0.062183658712942895 0.10796915167095113
