0 0.14886188271604936 0.7715293229904322 0.11358024691358025 0.1568438881321958
1 0.40189295977011497 0.9499395765250545 0.1 0.0982689950980393
0 0.4101688218390804 0.8505599809368192 0.06689655172413793 0.11764705882352937
1 0.6943067528735632 0.7286237064270152 0.09448275862068971 0.14583333333333334
0 0.8567205459770114 0.7623246868191721 0.08965517241379312 0.12254901960784316
0 0.7912033045977012 0.6979864515250545 0.08965517241379312 0.1384803921568627
0 0.47465158045977013 0.7016629221132897 0.028965517241379322 0.07965686274509802
0 0.4574102011494253 0.6048491966230937 0.030344827586206928 0.0674019607843137
0 0.4998239942528735 0.6851188044662311 0.028275862068965492 0.08088235294117649
0 0.474996408045977 0.8689423338779957 0.05586206896551721 0.09313725490196081
0 0.5943067528735633 0.9621944784858388 0.06551724137931032 0.07375919117647065
0 0.3939619252873563 0.4988442946623094 0.04413793103448273 0.061274509803921524
0 0.9574102011494253 0.6642854711328976 0.08137931034482762 0.13725490196078433
0 0.8622377873563218 0.6005599809368192 0.060689655172413856 0.1691176470588235
0 0.5446707791033985 0.8737125702180328 0.046276211135213255 0.08611825192802053
0 0.5229788051337672 0.758031336284871 0.03470715835140995 0.05784061696658093
0 0.5088790220535069 0.8145866062077501 0.054229934924078134 0.08611825192802053
0 0.9329571131597976 0.5183141126344853 0.09110629067245123 0.13624678663239073
0 0.8620966648590023 0.39363544939541084 0.13015184381778747 0.16452442159383032
0 0.9452492317425886 0.2239696396267733 0.060737527114967445 0.07712082262210798
0 0.8816194414316703 0.22332696610492242 0.0694143167028199 0.09125964010282778
0 0.8067821312364425 0.5260261948966962 0.09327548806941431 0.17737789203084836
