0 0.804695165458499 0.47276069039115975 0.1303992982598564 0.22971018915591038
0 0.5555101489476684 0.942620269726248 0.1128769107436201 0.1129076086956521
0 0.5080366238793806 0.5796447594192677 0.061124694376528114 0.10144925324813182
0 0.8900659637326814 0.9317507045088568 0.16748166259168706 0.13464673913043473
0 0.54575537780188 0.7098308221460534 0.061460592913955205 0.09768637532133674
0 0.5833547993492407 0.6307819789583928 0.055676066522053466 0.08354755784061699
0 0.6003468456254519 0.5408076858992669 0.05784526391901667 0.13753213367609254
0 0.54575537780188 0.508031336284871 0.03109182935647142 0.07455012853470433
0 0.5171942787418655 0.48489508949823856 0.04627621113521331 0.08483290488431881
0 0.42030346167751265 0.4521187398838427 0.052060737527114986 0.08868894601542412
0 0.20121452458423714 0.4521187398838427 0.05206073752711496 0.08354755784061699
