0 0.5176128384342209 0.9484174154038977 0.05582724573559747 0.10131331734035336
0 0.8042876550601379 0.8586302556085512 0.06519964912992814 0.10144931959069295
0 0.7409217467615056 0.5771085164781162 0.05582724573559747 0.09202894127887233
0 0.8287375701183018 0.5310940126673996 0.06356968215158929 0.08985509457795521
0 0.6512721825734133 0.5108041686520293 0.051752290982197496 0.07391304347826089
0 0.7617041055419723 0.7582679588821584 0.06234718826405867 0.07608695652173912
0 0.2539616504722042 0.38544183875435606 0.055827208428044804 0.09275360107421875
0 0.8719323292726798 0.8046447925905484 0.08638951830875605 0.12536236306895382
0 0.7317530052974736 0.4742099436392916 0.058679706601467055 0.08043478260869566
0 0.3851759881825591 0.27638385668276977 0.06234718826405867 0.1065217391304348
0 0.9185908335442455 0.5593549154038975 0.07294216016102541 0.1
0 0.8900660010402341 0.6789200996239214 0.08516709903633099 0.11159422501273784
0 0.8067326801427517 0.38326795888215837 0.04645476772616135 0.08260869565217391
0 0.44100323391815655 0.4858041686520293 0.06805210999579767 0.0949275804602581
0 0.41885733007953724 0.6487768375702181 0.04483007953723786 0.0784061696658098
0 0.5106866865509762 0.6558462463105779 0.05495300072306583 0.089974293059126
0 0.48935624548083867 0.6005763234314005 0.06435285610990599 0.06426735218508994
0 0.7941284797541576 0.4771830072360278 0.05495300072306577 0.07969151670951162
0 0.6961530639913233 0.5363089712463106 0.036876355748373155 0.05655526992287921
0 0.6231234182935647 0.5684426473388555 0.02964569775849597 0.06426735218508994
0 0.8479968817787418 0.41163030800723605 0.044107013738250225 0.07455012853470439
0 0.8921038955169921 0.37306989669618207 0.052783803326102684 0.07712082262210798
0 0.9817640545914678 0.44762002523088645 0.03543022415039765 0.0951156812339332
0 0.9597105477223428 0.38528069361134915 0.03470715835140995 0.06298200514138817
0 0.9459722975415763 0.6423501023517091 0.06362979031091835 0.08611825192802053
0 0.8548660068691251 0.32808275016661903 0.060737527114967445 0.07455012853470439
0 0.7825594269703542 0.3332241383414262 0.052060737527114986 0.06426735218508994
0 0.43838010665220534 0.38335267304579645 0.05350686912509038 0.11825192802056556
0 0.38017330983369485 0.38656604065505096 0.06579898770788144 0.09640102827763497
0 0.46079514642082425 0.3184426473388555 0.0361532899493854 0.08354755784061695
0 0.43042638286334056 0.2271830072360278 0.04483007953723792 0.09125964010282775
