0 0.6046136783018478 0.8303693860433338 0.054604751848066964 0.09710149350373645
0 0.5300415511624834 0.8528331762734628 0.05460475184806691 0.10434782608695649
0 0.6704245743755413 0.8412389844320055 0.05338225796053635 0.1086957185164742
0 0.6498459148329258 0.528557769726248 0.04889975550122247 0.07608695652173912
0 0.72869102494577 0.533095603637056 0.048445408532176396 0.060411311053984576
0 0.7084451825741143 0.5922215676473389 0.04989154013015178 0.06812339331619542
0 0.7319448210412147 0.680910513662763 0.04627621113521331 0.08611825192802053
0 0.6972376626898047 0.745177865847853 0.04338394793926253 0.0784061696658098
0 0.656745977946493 0.7316817218889842 0.040491684743311634 0.089974293059126
0 0.6108312997107737 0.7297537013234314 0.03832248734634855 0.08097686375321335
0 0.5829932664497468 0.924483778444254 0.05495300072306577 0.08226221079691506
0 0.6281848788864786 0.9219130843568506 0.03687635574837304 0.05398457583547567
0 0.5182788774403471 0.924483778444254 0.0498915401301519 0.09254498714652955
0 0.6462615238611713 0.9759177437398838 0.03976861894432394 0.046312660668380405
