1 0.48745800164431796 0.8459490740740742 0.06234718826405867 0.13260869565217395
1 0.5088516446761029 0.7050070561456603 0.057049665008022644 0.12028987718665081
0 0.07527378769356152 0.45065926322998445 0.1075794621026895 0.16086956521739132
0 0.08912872152787064 0.258630255608551 0.10920944773480479 0.1797101891559103
0 0.10502115139265612 0.6115288284473758 0.09290953545232272 0.10434782608695649
0 0.33790623696722827 0.4800070561456604 0.06397715524239764 0.12536229672639265
0 0.20832188488898865 0.4079056289844852 0.07049717238596423 0.11884055759595794
0 0.29389645701612804 0.5829055958132046 0.05338225796053635 0.07608695652173912
0 0.3379062369672283 0.8093549154038975 0.05827223351065864 0.1347826086956522
0 0.6239698439569326 0.2709491072453547 0.07212713936430314 0.14202900762143345
0 0.32485877621113524 0.3762832643054365 0.04916847433116415 0.10925449871465295
0 0.2471292028199566 0.5099593568504236 0.06146059291395514 0.12210796915167092
0 0.19109160339840922 0.2882369918118633 0.07953723788864785 0.13624678663239076
0 0.02008654193781634 0.6770544725316576 0.04121475054229935 0.12724935732647816
0 0.3197973156182212 0.2008333928401409 0.04916847433116415 0.12082262210796912
0 0.2735211044830079 0.1667716961820432 0.0477223427331887 0.10668380462724934
1 0.5005637653651482 0.5266688684185471 0.06362979031091828 0.1066838046272494
1 0.518640410339841 0.430910513662763 0.06362979031091835 0.10282776349614399
1 0.446695363340564 0.2940210535085214 0.04555314533622561 0.10154241645244216
1 0.5287633315256689 0.251604601066362 0.08098336948662332 0.10411311053984576
0 0.5974545824295011 0.1686997167475959 0.0506146059291396 0.08997429305912598
0 0.624931082791034 0.04982519875273731 0.06507592190889373 0.10150224935732648
0 0.2648443148951554 0.062015912120346565 0.08676789587852492 0.11825192802056554
0 0.5576859634851772 0.8570030586499094 0.07519884309472158 0.15038560411311047
