0 0.6838720444459302 0.3958811392914654 0.07701711491442538 0.08491847826086962
0 0.5646788904117003 0.4093548822326169 0.0733496332518337 0.11594205109969427
0 0.1702208191763607 0.8376157849691148 0.06927464119088098 0.12028994352921193
0 0.2154530930149915 0.6184128643042033 0.0717196289659421 0.11376807171365487
0 0.20363566453804693 0.4977606903911597 0.07986961308784765 0.11304347826086962
0 0.450986958871358 0.44341286430420324 0.05867970660146699 0.11884062393851905
0 0.6624783641065926 0.2966737172837803 0.0741646540485559 0.11811593097189202
0 0.7053412356321838 0.21759429466230934 0.05586206896551727 0.09436274509803919
0 0.5132722701149425 0.43879527505446625 0.057931034482758645 0.09313725490196077
0 0.40258834960231377 0.424483778444254 0.049891540130151846 0.10025706940874034
0 0.36896578994938534 0.3627871203465677 0.05784526391901661 0.09511568123393314
0 0.478871791395517 0.3402935470817861 0.0361532899493854 0.07583547557840616
0 0.49803303506869123 0.38592336713319997 0.048445408532176396 0.06683804627249354
0 0.2286314754192511 0.3839928853485839 0.05168849069607167 0.07598039215686275
0 0.261712109464737 0.23325759123093684 0.048931771192281204 0.07107843137254903
0 0.2916914340684586 0.20262033632897603 0.045485871812543086 0.08088235294117646
