0 0.13857382315176503 0.7552418372319688 0.11687241542486497 0.15789473684210523
1 0.381548132183908 0.9364591843681918 0.09241379310344827 0.1252297794117647
0 0.38568606321839083 0.8327903730936819 0.05931034482758619 0.10171568627450983
0 0.5567205459770115 0.9474885961328975 0.05931034482758619 0.10317095588235298
0 0.44154813218390804 0.855461941721133 0.053793103448275835 0.058823529411764684
0 0.4446515804597701 0.6894080201525055 0.021379310344827592 0.07720588235294118
0 0.4684446839080459 0.6679619417211329 0.022068965517241364 0.06372549019607848
0 0.47913433908045977 0.7482315495642702 0.025517241379310343 0.06004901960784316
0 0.8808963756326825 0.7117588427116062 0.08821402747650034 0.15809768637532132
0 0.8657119938539407 0.5774400766447683 0.08098336948662327 0.14652956298200512
0 0.6954299981923355 0.6642010020946396 0.10195227765726678 0.16580976863753216
1 0.6737380242227042 0.7432498452823003 0.0730296456977585 0.14395886889460158
0 0.8042514009399855 0.7760261948966962 0.07086044830079541 0.1066838046272494
0 0.9579028832248734 0.5363089712463106 0.08315256688358647 0.14395886889460158
0 0.8071436641359363 0.44762002523088645 0.10845986984815614 0.11825192802056561
0 0.98104098879248 0.3441495882128916 0.036876355748373155 0.08097686375321339
0 0.9362109092552423 0.3325814648195754 0.04699927693420101 0.09640102827763497
0 0.8863193691250904 0.29337837998667043 0.04989154013015178 0.08997429305912595
0 0.9745333966015907 0.76445807150338 0.0498915401301519 0.15038560411311058
0 0.7637597161966738 0.7046894339712463 0.0694143167028199 0.1516709511568123
0 0.8161819866232828 0.6237125702180331 0.03832248734634855 0.13881748071979438
0 0.761228985900217 0.5453064005522231 0.08604483007953725 0.13624678663239073
0 0.9253649222704267 0.45147606636199183 0.07881417208966018 0.12596401028277635
0 0.8404046908893709 0.290165012377416 0.05350686912509038 0.11182519280205656
0 0.5052636930585683 0.8807819789583928 0.03976861894432394 0.08740359897172235
