0 0.3634709676106771 0.5271716617933723 0.04567905002170137 0.08333333333333334
0 0.10091950216411072 0.8016600105032818 0.05226338704427083 0.10745614035087722
0 0.13795655803915893 0.3433266771699485 0.045679012345679004 0.0592105263157895
0 0.10070837852494578 0.9469974352565933 0.1099060014461316 0.10415327763496145
0 0.03852471981200289 0.7824529301152052 0.07230657989877079 0.14781491002570693
0 0.07757027295733912 0.668057043225745 0.05639913232104122 0.0784061696658098
0 0.07865487165582068 0.3711418761306294 0.06724511930585685 0.10154241645244216
0 0.1943453994938539 0.1982626987527373 0.05856832971800433 0.10025706940874037
0 0.1827763467100506 0.10571771160620776 0.05856832971800433 0.10025706940874037
0 0.1310771420824295 0.13399534656764733 0.040491684743311634 0.06683804627249357
0 0.34185082248734633 0.24903390697895839 0.035430224150397704 0.08097686375321336
0 0.5190019432393348 0.2657434185470818 0.04555314533622556 0.07840616966580975
0 0.6618074385394072 0.3762832643054365 0.03470715835140995 0.06555269922879177
0 0.6679534978308027 0.31651462677330283 0.032537960954446866 0.053984575835475564
0 0.6307156091829356 0.3004477887270304 0.0477223427331887 0.08611825192802053
0 0.6383078000723066 0.2381084571074931 0.055676066522053466 0.05398457583547559
0 0.6328848065798987 0.18926526944682473 0.0477223427331887 0.05912596401028278
0 0.6093851681127982 0.13142465248024374 0.03543022415039765 0.08483290488431874
0 0.5497322396963125 0.2098308221460535 0.041937816341287085 0.08483290488431879
0 0.5226172722342732 0.18797992240312292 0.04266088214027472 0.07712082262210798
0 0.9072882772957339 0.4315531871846139 0.0498915401301519 0.060411311053984576
0 0.8718580531453363 0.4399079429686756 0.03543022415039765 0.053984575835475564
0 0.8469122830802603 0.41677169618204324 0.030368763557483785 0.053984575835475564
0 0.8555890726681127 0.36921385556507663 0.03470715835140995 0.05912596401028276
0 0.8216049801156906 0.38335267304579645 0.031814895155459176 0.06169665809768635
0 0.9430800343456255 0.341578894125488 0.03470715835140995 0.05269922879177379
0 0.8996960864063629 0.35121899695325143 0.03470715835140995 0.05912596401028276
0 0.9307879157628345 0.38656604065505096 0.04627621113521331 0.044987146529563
0 0.855227539768619 0.11600048795582216 0.03398409255242226 0.04627249357326479
0 0.7543598608098337 0.187337248881272 0.031814895155459176 0.060411311053984576
0 0.8132897234273319 0.31458660620775014 0.023861171366594408 0.03984575835475581
0 0.575401075560376 0.10250434399695324 0.04989154013015178 0.08354755784061696
