0 0.3778410435111521 0.7216737338694206 0.06153220477488924 0.11159415867017662
0 0.3645973659474964 0.8611664985497026 0.05052979709466688 0.08768118153447686
0 0.2985826773670697 0.9191375240995496 0.06519968643748089 0.11376820439877709
0 0.5296340407641223 0.8209490740740741 0.07986965039540041 0.1391304347826087
0 0.4369282791647565 0.617325907782464 0.05990220048899755 0.09275366741677987
0 0.25273917523844996 0.7582679257108779 0.07457212713936429 0.11376813805621609
0 0.861337394683266 0.648123020288833 0.08638959292386149 0.11666664455247963
0 0.6577921624094273 0.556818672462746 0.05175221636709194 0.06594205109969432
0 0.5426739631285975 0.6919636110560714 0.07171966627349485 0.1
0 0.35583615353560194 0.6057316827697263 0.054197241449705835 0.07826086956521737
0 0.31793882436837817 0.7039200996239214 0.04523227383863079 0.06594205109969432
