0 0.3957709414257495 0.7582679588821584 0.10228197615420616 0.17028994352921192
0 0.6366022559230465 0.5202244806212889 0.0810921442829309 0.08260869565217396
0 0.3331740328994938 0.9701336820432257 0.07447577729573389 0.05788078406169672
0 0.4025883496023139 0.24389251880415116 0.05567606652205352 0.08611825192802053
0 0.41054207339117865 0.13720871417690184 0.05567606652205352 0.10154241645244215
0 0.32847410520607373 0.22911102780158052 0.05495300072306577 0.10282776349614399
0 0.33498169739696315 0.08643750595068075 0.07953723788864787 0.15167095115681234
0 0.268459643890094 0.13206732600209464 0.06218365871294287 0.14010282776349614
0 0.961518212219812 0.6577742668761306 0.07592190889370928 0.12467866323907452
0 0.40728827729573386 0.03375836070646482 0.07519884309472165 0.06936857326478149
