0 0.5634563592166172 0.30609401266739955 0.057049739623128086 0.09057968803074051
0 0.48012303831913455 0.508630255608551 0.07457212713936431 0.1014493195906929
0 0.7229064985538685 0.5485197681614777 0.07158351409978311 0.13239074550128535
0 0.6527691160520609 0.4778256807578787 0.05856832971800436 0.11696658097686373
0 0.6661458333333333 0.6269259378272874 0.052060737527114986 0.09897172236503857
0 0.6079390365148228 0.5735840355136628 0.05712219812002897 0.07455012853470433
0 0.5920315889370933 0.7098308221460534 0.09182935647143893 0.14138817480719792
0 0.530932528922632 0.6089310792154623 0.05784526391901661 0.13239074550128535
0 0.5707011478669559 0.4707562720175188 0.0766449746926971 0.14910025706940871
0 0.5124943510484454 0.38013930543654195 0.06724511930585682 0.10925449871465295
0 0.4597105477223427 0.2162575573645625 0.07158351409978306 0.11311053984575835
0 0.43838010665220534 0.42512645196610493 0.06362979031091828 0.09897172236503851
0 0.4083728759942155 0.5285968889840997 0.07881417208966018 0.16709511568123392
