0 0.4542468928280359 0.9035578360688091 0.07579462102689488 0.1159419847571331
0 0.3531874105613603 0.6952244474500082 0.054604751848066964 0.08768118153447696
0 0.6486234582529481 0.9510215599563772 0.057049739623128086 0.09202894127887223
0 0.802861424627203 0.5129780816955076 0.05419727875725861 0.08260869565217396
0 0.2513129261517389 0.9093549154038975 0.05052975978711416 0.10869565217391297
0 0.3729426518438178 0.8981341640483671 0.06724511930585682 0.10154241645244211
0 0.2966592100506146 0.949568129343997 0.06652205350686913 0.09901188946015425
0 0.39644229031091827 0.9637270303722746 0.08098336948662327 0.07069408740359896
0 0.275690301879971 0.8023758092925831 0.05784526391901661 0.12082262210796915
0 0.24785226861894433 0.7053321074930973 0.04844540853217646 0.09125964010282772
0 0.22326803145336227 0.7888796653337141 0.05567606652205352 0.09897172236503857
0 0.1834994125090383 0.9238411049224031 0.05856832971800433 0.08611825192802064
0 0.19904532718727405 0.8698565290869275 0.04627621113521331 0.06555269922879177
0 0.6126389642082429 0.3312961177758736 0.040491684743311634 0.060411311053984576
0 0.7116989786695588 0.16484367561649052 0.03470715835140995 0.07712082262210798
0 0.34510461858279107 0.4559747810149481 0.03759942154736079 0.07583547557840621
0 0.36354279645697757 0.42769714605350856 0.02096890817064351 0.050128534704370196
0 0.320520381417209 0.39235010235170903 0.04483007953723792 0.05141388174807197
0 0.30172067064352853 0.45147606636199183 0.03470715835140995 0.051413881748072016
0 0.2532752621113521 0.4553321074930972 0.033261026753434564 0.053984575835475564
0 0.26954424258857557 0.40199020517947254 0.03543022415039768 0.05784061696658098
0 0.221460366955893 0.5125300509378273 0.04193781634128705 0.07326478149100261
0 0.16723043203181487 0.5472344211177758 0.05784526391901664 0.0784061696658098
0 0.11155436550976137 0.6307819789583928 0.06941431670281994 0.09640102827763491
0 0.10143144432393347 0.5324529301152052 0.04483007953723789 0.08483290488431872
0 0.06383202277657267 0.5356662977244597 0.04338394793926247 0.0784061696658098
0 0.15457678054953 0.47654033371417687 0.04844540853217644 0.06555269922879177
0 0.20229912328271873 0.4405506164905265 0.04699927693420101 0.06555269922879182
0 0.22796795914678236 0.3827099995239455 0.0361532899493854 0.05526992287917738
0 0.24242927512653653 0.3428642411691898 0.03181489515545914 0.0475578406169666
0 0.06636275307302963 0.36150177330286587 0.051337671728127254 0.09511568123393314
0 0.05949362798264642 0.4354092283157193 0.05639913232104122 0.07326478149100256
0 0.12384648409255242 0.44247863705607926 0.0549530007230658 0.0616966580976864
0 0.16542276753434565 0.3859233671332 0.04121475054229936 0.07712082262210798
0 0.12926947758496024 0.3962061434828144 0.04699927693420102 0.07197943444730079
0 0.20374525488069412 0.3460776087784443 0.045553145336225585 0.07197943444730079
