0 0.2540059219171971 0.7800956607097306 0.08189301667390045 0.16520463374623082
0 0.13116641574435764 0.7537798712360464 0.09958846480758103 0.1359649122807018
0 0.133224035192419 0.613063485812955 0.1037037037037037 0.1454678585654811
0 0.08816230679735723 0.4840430291307832 0.08847739137249228 0.09356729607833059
0 0.10034684562545193 0.41998506379129774 0.044107013738250184 0.07326478149100256
0 0.08299326644974692 0.37564059078358564 0.05278380332610268 0.0616966580976864
0 0.05479370028922632 0.3235840355136627 0.05567606652205351 0.06812339331619537
0 0.012494351048445408 0.4906791511948967 0.026030368763557483 0.09383033419023137
0 0.013578949746926968 0.41163030800723605 0.02675343456254519 0.06940874035989719
0 0.00887902205350687 0.3319387912977244 0.01590744757772957 0.06940874035989719
0 0.03020946312364425 0.25481796867561646 0.035430224150397684 0.05141388174807197
0 0.17301495842371656 0.2740981743311435 0.033261026753434564 0.06940874035989719
0 0.139753931670282 0.24839123345710748 0.030368763557483722 0.04884318766066837
0 0.7007196904433725 0.3931840618191721 0.03790489317711921 0.06985294117647059
