0 0.7896177284097711 0.14160126457275787 0.057049739623128086 0.09202897445015287
0 0.6977269502995748 0.35464472624798715 0.05745721271393644 0.10652173913043478
0 0.7236030584831208 0.2575432825011716 0.05052972247956144 0.08768114836319633
0 0.5227065505297473 0.05065923005870384 0.03178484107579459 0.07101447063943615
0 0.674499566436494 0.2539201162095615 0.04523227383863085 0.08478264186693273
0 0.6122774313087491 0.2612447038941255 0.052783803326102684 0.09254498714652958
0 0.5801010032537962 0.34093622060363704 0.04483007953723792 0.08740359897172235
0 0.6028775759219089 0.44954804579643914 0.052783803326102684 0.08868894601542418
0 0.5688934833694865 0.5234555008092926 0.052783803326102684 0.0951156812339332
0 0.7482138015184383 0.4154863491383414 0.044107013738250225 0.07969151670951158
0 0.7680981109906002 0.06908532086070647 0.04627621113521331 0.08097686375321336
0 0.8371508947939261 0.06008789155479387 0.04699927693420101 0.07840616966580978
0 0.6473461225596528 0.5395223388555651 0.04338394793926241 0.06555269922879177
0 0.6661458333333333 0.6237125702180331 0.052060737527114986 0.08226221079691516
0 0.7265218275488069 0.4926071717604494 0.04266088214027472 0.089974293059126
0 0.6379462671728128 0.36921385556507663 0.052060737527114986 0.07197943444730079
0 0.4503106923355025 0.5832241383414263 0.041214750542299325 0.09897172236503857
0 0.48321018618944317 0.7136868632771588 0.03759942154736079 0.11311053984575832
0 0.6690380965292841 0.45083339284014096 0.04338394793926253 0.0784061696658098
