0 0.3857872351263244 0.6220360637670939 0.1198044009779951 0.17753620976987095
0 0.5023714298626175 0.43476655479386844 0.05422993492407807 0.08483290488431876
0 0.41813426428054956 0.47332696610492236 0.062183658712942895 0.11053984575835472
0 0.4730872650036153 0.4926071717604494 0.06507592190889373 0.08740359897172235
0 0.5385247198120029 0.924483778444254 0.1106290672451193 0.14652956298200512
0 0.7717134399855388 0.6449207964391126 0.07809110629067248 0.17609254498714655
0 0.850166079175705 0.7464632128915549 0.07881417208966018 0.11182519280205659
0 0.9676642715112075 0.46175884271160617 0.06362979031091835 0.1850899742930591
0 0.9817640545914678 0.28695164476816154 0.03543022415039765 0.14138817480719798
0 0.9886331796818509 0.15905961391983245 0.021691973969631205 0.07583547557840618
0 0.6028775759219089 0.054323913405693605 0.06435285610990604 0.10021690231362468
1 0.6589151753434562 0.08258146481957536 0.040491684743311634 0.08997429305912595
1 0.6202311550976138 0.17191308435685043 0.06579898770788144 0.12724935732647816
1 0.5294863973246565 0.18669457535942113 0.0723065798987708 0.14395886889460158
1 0.42970331706435283 0.2310390483671332 0.0737527114967462 0.13496143958868895
1 0.35088914497469265 0.2239696396267733 0.05350686912509038 0.11825192802056553
1 0.2471292028199566 0.47268429258307154 0.08459869848156183 0.12210796915167098
0 0.27279803868402025 0.8267974031229173 0.06362979031091831 0.14652956298200512
0 0.9127112707881417 0.7908076858992668 0.08242950108459865 0.10539845758354759
0 0.3790887111352133 0.3576457321717605 0.05639913232104122 0.0976863753213368
