0 0.3246625407497962 0.11913749092826907 0.06356968215158923 0.11376813805621605
0 0.2854516901663051 0.7606020303722746 0.09472161966738973 0.1735218508997429
0 0.10251604302241504 0.353789691040655 0.04844540853217642 0.06683804627249354
0 0.38848856652205355 0.16869971674759593 0.060737527114967445 0.12853470437017994
0 0.4488645607375271 0.10314701751880416 0.060014461315979754 0.10025706940874037
0 0.43838010665220534 0.024760931400552223 0.07086044830079535 0.0513737146529563
0 0.3729426518438178 0.04404113705607921 0.07013738250180766 0.08993412596401028
0 0.25002146601590747 0.03761440183757022 0.06869125090383227 0.0770806555269923
0 0.3125666576283442 0.026709035513662764 0.06507592190889373 0.05526992287917738
0 0.7409831435285611 0.08001077073217176 0.051337671728127296 0.08226221079691516
0 0.7941284797541577 0.08836552651623346 0.0477223427331887 0.06812339331619537
0 0.7814748282718726 0.032452930115205184 0.07013738250180761 0.059125964010282785
0 0.8461892172812726 0.07486938255736457 0.05495300072306577 0.07969151670951158
0 0.5970930495300073 0.20597478101494812 0.051337671728127296 0.09254498714652958
