0 0.7496829405196235 0.1510215599563771 0.0676447115200947 0.10217391304347825
0 0.7303267748645388 0.053195456414215046 0.03463730194166412 0.06159419184145721
0 0.2295117913753693 0.1760215433707368 0.06234718826405867 0.0898550614066746
0 0.6928992678958785 0.019619543225745027 0.0477223427331887 0.04109093830334191
0 0.3631812635574837 0.07037066790440825 0.03470715835140995 0.047557840616966586
0 0.1657843004338395 0.20661745453679903 0.06362979031091828 0.06298200514138817
0 0.1827763467100506 0.16227298152908692 0.052783803326102684 0.035989717223650394
0 0.26375971619667393 0.16805704322574502 0.035430224150397704 0.05784061696658098
0 0.013940482646420824 0.360859099781015 0.026030368763557483 0.06298200514138817
0 0.012132818148951554 0.2985197681614777 0.025307302964569775 0.04884318766066837
0 0.029486397324656542 0.24003647767304578 0.025307302964569775 0.05784061696658096
0 0.009963620751988431 0.2143295367990098 0.02096890817064353 0.05012853470437017
0 0.07576260845986986 0.17191308435685043 0.031091829356471434 0.05526992287917738
0 0.03490939081706435 0.1712704108349995 0.03615328994938539 0.05655526992287918
