0 0.8169201043338047 0.5111664985497025 0.07986965039540041 0.12536229672639265
0 0.2304986894432393 0.9238611884699609 0.1178597252349964 0.15042577120822628
0 0.10034684562545192 0.9502108028658479 0.11062906724511933 0.09772654241645243
0 0.12384648409255242 0.8267974031229173 0.11858279103398409 0.1850899742930591
0 0.1043237075198843 0.6911932900123774 0.12292118582791034 0.17095115681233936
0 0.8038898680404917 0.29723442111777587 0.05856832971800436 0.12596401028277632
0 0.8038898680404916 0.18348120775016663 0.055676066522053466 0.09897172236503857
0 0.7558059924078092 0.14877683757021803 0.07809110629067248 0.09640102827763497
0 0.7384524132321041 0.27088480672188897 0.06796818510484452 0.09897172236503857
0 0.8957192245119306 0.38656604065505096 0.11496746203904552 0.1658097686375321
0 0.9058421456977586 0.18026784014091213 0.12509038322487348 0.18251928020565555
0 0.97164113340564 0.26510074502523084 0.055676066522053466 0.07455012853470436
0 0.9705565347071584 0.44504933114348283 0.05784526391901667 0.15167095115681237
0 0.9503106923355026 0.668057043225745 0.09255242227042662 0.2017994858611825
0 0.7720749728850326 0.7631727244596783 0.08315256688358635 0.1735218508997429
0 0.6390308658712942 0.2606020303722746 0.06146059291395514 0.11439588688946016
0 0.5873316612436732 0.33386681186327716 0.05495300072306577 0.07583547557840616
0 0.540693917208966 0.39170742882985815 0.03832248734634849 0.06555269922879177
0 0.4922485086767896 0.45147606636199183 0.03976861894432394 0.07197943444730079
0 0.5117712852494577 0.3647151409121204 0.04699927693420106 0.06812339331619537
0 0.5493707067968184 0.31330125916404833 0.051337671728127234 0.08097686375321335
