0 0.30143515688671557 0.5796447594192677 0.07334963325183373 0.11159422501273773
0 0.42246208905979393 0.9158766545343323 0.06275466135486703 0.1347826086956521
0 0.822013816429331 0.5441374909282691 0.06397715524239764 0.11159422501273773
0 0.4524131893042927 0.7169635778847909 0.05338225796053635 0.09202900762143346
0 0.3099926140994295 0.8256592632299845 0.05623471882640588 0.08333342179008149
0 0.16349710279494256 0.8542824295215945 0.06642218032501146 0.09710149350373645
0 0.41716460311131065 0.5401519947389858 0.04645476772616135 0.0804347826086956
0 0.40290218685930496 0.7013838898540504 0.039934825197700204 0.0753622967263927
0 0.3552249065918367 0.7332679588821583 0.048084772012053044 0.08260869565217396
0 0.35461364099429504 0.40536938604333367 0.05990220048899755 0.09492758046025816
0 0.17633328861401348 0.7158766213630517 0.08394456784124771 0.12318838368291446
0 0.20078316636462473 0.5593548822326169 0.07171962896594207 0.08550726849099861
0 0.2621116159403334 0.436166465378422 0.05582724573559747 0.10434782608695654
0 0.6281848788864787 0.2933783799866705 0.02819956616052058 0.0616966580976864
0 0.592393121836587 0.3184426473388556 0.03470715835140995 0.06555269922879177
0 0.5663627530730296 0.34414958821289154 0.027476500361532884 0.06555269922879177
0 0.4351263105567606 0.4861804365419404 0.042660882140274775 0.053984575835475564
0 0.41741119848156183 0.4270544725316576 0.04338394793926247 0.08483290488431876
0 0.3960807574114244 0.3653578144339712 0.0368763557483731 0.07455012853470439
0 0.374750316341287 0.31458660620775014 0.03470715835140995 0.044987146529563
0 0.3447430856832972 0.348005629343997 0.03976861894432394 0.060411311053984576
0 0.3046129338394794 0.38785138769875277 0.03904555314533624 0.07326478149100256
0 0.3259433749096168 0.4874657835856422 0.052783803326102684 0.06940874035989719
0 0.3736657176428055 0.6294966319146911 0.05567606652205352 0.09897172236503857
0 0.42391879067245125 0.6256405907835856 0.04483007953723786 0.07069408740359896
0 0.4654950741142444 0.6352806936113491 0.04410701373825017 0.07712082262210798
0 0.3671581254519161 0.5350236242026087 0.04555314533622561 0.08740359897172235
0 0.21206051156905278 0.47654033371417687 0.04772234273318873 0.09383033419023132
0 0.20808364967462037 0.6249979172617347 0.05567606652205352 0.0616966580976864
0 0.29557461135213303 0.7265403337141769 0.04699927693420101 0.1233933161953728
0 0.26195205169920466 0.6584169403979816 0.04193781634128705 0.07455012853470433
0 0.24676766992046276 0.5864375059506807 0.0361532899493854 0.06940874035989714
0 0.216398906362979 0.8004477887270305 0.05350686912509038 0.08868894601542418
0 0.3772810466377441 0.468828251451966 0.042660882140274775 0.07583547557840621
0 0.11806195770065075 0.8653578144339713 0.030368763557483722 0.09254498714652955
0 0.08082406905278379 0.8550750380843569 0.048445408532176416 0.0951156812339332
0 0.10215451012292119 0.7683141126344853 0.05061460592913956 0.09125964010282772
0 0.07033961496746204 0.7496765805008093 0.04193781634128705 0.09768637532133674
0 0.32666644070860446 0.655203572788727 0.04555314533622561 0.0784061696658098
