0 0.5913699820844158 0.9097172121302902 0.05990220048899755 0.11811589780061135
0 0.7582403977323375 0.9118911251737685 0.05867970660146694 0.12246372388756784
0 0.6292672925978632 0.47747084637578946 0.061532242082441964 0.11159422501273773
0 0.42979705238497734 0.9405142914653785 0.07171966627349478 0.10869565217391297
0 0.6726534255242227 0.08129611777587357 0.05495300072306577 0.10539845758354757
0 0.7185681037599423 0.11214444682471676 0.07013738250180772 0.12082262210796915
0 0.7247141630513376 0.018976869703894124 0.06218365871294284 0.0398055912596401
0 0.8631812635574838 0.27217015376559084 0.03976861894432394 0.09640102827763497
0 0.7850901572668112 0.09029354708178615 0.060014461315979754 0.09511568123393317
0 0.7847286243673173 0.013192808007236028 0.05639913232104116 0.028237467866323907
