0 0.757298109266493 0.6536336612515514 0.14526751482928238 0.26461986073276444
0 0.4669689037181713 0.8780488882380852 0.05925925925925928 0.12134505154793722
0 0.6780998563218392 0.429604098583878 0.09655172413793107 0.16053921568627452
0 0.05660136478669558 0.24196449823859853 0.10701373825018076 0.16195372750642673
0 0.7221834327548806 0.918699716747596 0.09182935647143893 0.10925449871465305
0 0.9011422180043384 0.443763984099781 0.0954446854663774 0.16452442159383032
0 0.8353432302964571 0.19954804579643912 0.07086044830079541 0.12853470437017997
0 0.7793056308749096 0.10571771160620776 0.06579898770788144 0.10796915167095116
0 0.729052557845264 0.07872542368846996 0.0737527114967462 0.12082262210796915
0 0.7182065708604484 0.2908076858992669 0.09399855386840202 0.11311053984575835
0 0.7019375903832248 0.2027614134056936 0.07158351409978311 0.11182519280205655
