0 0.7223187105155285 0.7172301859418783 0.08600825557002309 0.1622807017543859
0 0.7638824839650848 0.9392924808851693 0.11563780984760802 0.11956318637780981
0 0.8190265043282214 0.6656950647603235 0.09094652717496139 0.1790935449432908
0 0.7982446364414545 0.8086044661018118 0.09547322591145833 0.1359649792052152
0 0.6801376154393325 0.3148178717778672 0.05514405803915897 0.08845031470583194
0 0.6375450228467398 0.24793190686558653 0.05637862594039345 0.09795319406609783
0 0.7577436294765841 0.43710956979010834 0.06060606060606055 0.07466340269277846
0 0.7257188360881542 0.3740740740740741 0.044765840220385655 0.06854345165238677
0 0.9034047865013775 0.8092025930459222 0.09986225895316801 0.1358629130966952
0 0.8820549242424242 0.9524094473910876 0.11088154269972451 0.09179926560587506
0 0.9712422520661157 0.9328256040618341 0.05647382920110194 0.11383108935128508
0 0.9805397727272727 0.8140985538782357 0.036501377410468314 0.11138310893512854
0 0.8242036845730029 0.5405367423727276 0.06542699724517907 0.058751529987760086
0 0.7735838498622589 0.32572646085497986 0.04407713498622587 0.0697674418604651
0 0.7384598829201103 0.2694229112833764 0.05096418732782375 0.09179926560587517
0 0.6978262741046831 0.2259712588965955 0.05096418732782363 0.08078335373317011
0 0.6534047865013776 0.18129561630173627 0.03925619834710747 0.06731946144430843
0 0.6210356404958678 0.13784396391495535 0.053030303030303 0.1077111383108935
0 0.698514979338843 0.12438007162609366 0.05922865013774109 0.09791921664626682
0 0.754988808539945 0.16232376807652205 0.05096418732782375 0.11015911872705017
0 0.7825370179063361 0.22964322952083047 0.041322314049586834 0.07343941248470011
0 0.8135287534435262 0.15069586109977787 0.055096418732782364 0.09424724602203181
0 0.7670411501377411 0.08092841923931277 0.05027548209366396 0.07466340269277846
0 0.7257188360881542 0.047880683621197705 0.06129476584022034 0.06731946144430843
0 0.6537491391184573 0.08337639965546943 0.04269972451790629 0.07221542227662178
0 0.6289557506887052 0.042984722788884364 0.05647382920110194 0.07955936352509181
0 0.8863193691250904 0.7021187398838428 0.06869125090383221 0.11053984575835477
