0 0.2562029017018611 0.527470813204509 0.08394456784124775 0.13043478260869568
0 0.6078736495660784 0.3760215599563771 0.0929095354523227 0.16376807171365493
0 0.07996001737139143 0.4825432990868119 0.09576201497196861 0.11594198475713316
0 0.20282066239510113 0.6455867773476816 0.05704973962312806 0.07826086956521737
0 0.054491400932430156 0.3593548822326169 0.09861451314539083 0.12028987718665086
0 0.17286956215060234 0.18544183875435602 0.07701711491442544 0.16086956521739132
1 0.41696082925835376 0.928557769726248 0.05990220048899755 0.13260869565217384
1 0.44691196681040524 0.7629780816955075 0.07171966627349478 0.13768111519191575
1 0.4442632051823872 0.5531954729998554 0.06397715524239764 0.12536236306895382
0 0.24295920548442912 0.4068186392914654 0.07049713507841152 0.10652173913043478
0 0.25416540567138474 0.8988476469128989 0.07742458800523382 0.14420285432235047
