0 0.5667163304808477 0.7300070561456605 0.08801955990220052 0.16594205109969434
0 0.6665533561675453 0.8528331431021821 0.09861445718406175 0.1840579489003057
0 0.17429581123731347 0.5807317159410068 0.08231460086290877 0.15144925324813183
0 0.11113362083030894 0.6894273349436394 0.08638959292386156 0.13695652173913045
0 0.6844832913896953 0.5437751610305959 0.07579462102689488 0.16304347826086962
0 0.2914514692410669 0.576021559956377 0.05338225796053638 0.10869565217391308
0 0.1883544909439149 0.3358041686520293 0.07864711920031707 0.12536236306895382
0 0.5534726715709684 0.9122534219001612 0.09576207093329774 0.16086956521739143
0 0.8293488170620671 0.6031954729998553 0.08924205378973109 0.19637676736582882
0 0.5987049454095992 0.5666012811583981 0.0664222176325642 0.13768118153447687
0 0.7276780505440735 0.7097172121302903 0.06356968215158929 0.12536236306895382
0 0.4430407112948566 0.5252969001610307 0.08761208681139211 0.13478260869565215
0 0.4683056098421901 0.6647896648413126 0.06397715524239764 0.12101447063943611
0 0.23982399425287357 0.6287462554466231 0.06413793103448277 0.10539215686274514
0 0.23361709770114944 0.5380599809368192 0.05172413793103449 0.11029411764705883
0 0.1956860632183908 0.46269233387799563 0.07241379310344828 0.10906862745098037
0 0.12878951149425288 0.4026433142701525 0.0806896551724138 0.10661764705882351
0 0.12016882183908045 0.5141629221132897 0.0689655172413793 0.08946078431372545
0 0.18568606321839082 0.7157560593681918 0.05931034482758619 0.11274509803921567
0 0.4691343390804597 0.9382974196623094 0.08137931034482755 0.12155330882352947
0 0.48258261494252874 0.7990893927015251 0.06551724137931032 0.11764705882352947
0 0.6525826149425287 0.6820550789760348 0.07172413793103445 0.1384803921568627
0 0.78465158045977 0.747618804466231 0.05310344827586206 0.12009803921568632
0 0.7570653735632185 0.8664913534858388 0.06827586206896552 0.14460784313725486
0 0.5443067528735632 0.5313197848583878 0.0648275862068966 0.1115196078431373
0 0.5180998563218391 0.6354864515250545 0.04827586206896554 0.12377450980392153
0 0.5067205459770114 0.4988442946623094 0.0379310344827586 0.11519607843137253
0 0.27706537356321836 0.49087860838779956 0.04206896551724141 0.07965686274509808
0 0.2963757183908046 0.6802168436819171 0.04896551724137931 0.10539215686274514
0 0.30051364942528735 0.45901586328976035 0.036551724137931056 0.07720588235294118
0 0.2532722701149425 0.41122174564270153 0.046896551724137904 0.09436274509803919
0 0.11016882183908046 0.2843835103485839 0.07241379310344828 0.1053921568627451
0 0.27947916666666667 0.36587860838779956 0.04827586206896551 0.10416666666666667
0 0.23775502873563217 0.28193252995642704 0.05448275862068964 0.09313725490196079
0 0.1356860632183908 0.17715311819172114 0.05586206896551726 0.08455882352941176
0 0.8501688218390804 0.7641629221132897 0.07655172413793103 0.1384803921568627
0 0.431548132183908 0.6269080201525055 0.06689655172413793 0.13112745098039216
0 0.37913433908045974 0.5809521377995641 0.05172413793103446 0.12745098039215685
0 0.22913433908045977 0.18021684368191723 0.04689655172413794 0.07352941176470588
0 0.12809985632183907 0.07605017701525053 0.06413793103448276 0.09313725490196077
0 0.34980454627621105 0.64299277587356 0.04410701373825017 0.089974293059126
0 0.5591320950831525 0.4315531871846139 0.06073752711496751 0.1066838046272493
0 0.7702673083875633 0.4797537013234315 0.07953723788864787 0.14910025706940877
0 0.7008529916847432 0.44312131057793014 0.06652205350686913 0.11182519280205655
0 0.6357770697758496 0.45147606636199183 0.06796818510484452 0.1233933161953728
0 0.2576136569052784 0.7323243954108352 0.05929139551699203 0.11182519280205659
0 0.10070837852494578 0.8248693825573645 0.05639913232104122 0.09640102827763491
0 0.056601364786695585 0.7612447038941255 0.06218365871294288 0.1233933161953728
0 0.07323187816341288 0.46947092497381704 0.04193781634128706 0.11568123393316196
0 0.07865487165582068 0.5922215676473388 0.08026030368763556 0.10411311053984576
0 0.06383202277657267 0.051753219318290015 0.09399855386840203 0.10535829048843189
0 0.16903809652928417 0.13785138769875274 0.06146059291395517 0.08740359897172235
0 0.16795349783080263 0.24839123345710748 0.05784526391901664 0.08997429305912598
0 0.7489368673174258 0.6275686113491384 0.06579898770788144 0.12853470437018
0 0.5067098246565437 0.42319843140055224 0.03832248734634855 0.08483290488431876
0 0.4669412057122198 0.43605190183757025 0.04844540853217646 0.0616966580976864
0 0.19398386659436007 0.8274400766447683 0.08098336948662327 0.09640102827763491
0 0.08841625994215474 0.23682311006379134 0.06796818510484455 0.10796915167095118
0 0.8024437364425162 0.8846380200894983 0.055676066522053466 0.13110539845758354
