0 0.4809380218083041 0.5818186392914655 0.04930722859203088 0.08260869565217396
0 0.3664311067787923 0.5347172121302903 0.04930730320713632 0.09710149350373645
0 0.4736030584831207 0.769862117552335 0.06642214301745876 0.13260869565217395
0 0.3026576507742461 0.8397896648413127 0.04889975550122247 0.10144925324813182
0 0.4289820315882552 0.42420994363929154 0.03830478360425579 0.08043478260869566
0 0.5355427736563709 0.5829055958132046 0.03871233131016959 0.07608695652173912
0 0.08566500439134768 0.42348531701522557 0.0493072658995836 0.07318838368291442
0 0.5063757183908046 0.8689423338779957 0.0717241379310345 0.12254901960784316
0 0.5298239942528736 0.7323001770152505 0.055172413793103496 0.10906862745098037
0 0.5498239942528735 0.6581580201525055 0.040000000000000036 0.06862745098039216
0 0.22672054597701147 0.9577903730936821 0.06413793103448275 0.08210784313725497
0 0.35120330459770116 0.9658709490740741 0.060689655172413794 0.06640625
0 0.49947916666666664 0.9750621255446622 0.06758620689655169 0.048023897058823616
0 0.5529274425287356 0.5362217456427014 0.046206896551724164 0.07230392156862749
0 0.5125826149425287 0.5117119417211328 0.04413793103448273 0.06495098039215684
0 0.514996408045977 0.46943252995642704 0.043448275862069015 0.07352941176470586
0 0.46878951149425285 0.4565648828976035 0.04482758620689656 0.07230392156862749
0 0.4730872650036153 0.39684881700466534 0.0477223427331887 0.060411311053984576
0 0.17807641901663052 0.13270999952394555 0.030368763557483722 0.056555269922879174
0 0.01357894974692697 0.5279542154622487 0.028199566160520606 0.09640102827763491
0 0.013217416847433116 0.7162575573645624 0.0274765003615329 0.10796915167095113
