0 0.29674893653577383 0.5713114039717474 0.08272207395371713 0.15579707933508832
0 0.29206271618483215 0.3249345868489977 0.08638959292386156 0.17028984401537026
0 0.23277176263959992 0.8850795088566829 0.08761208681139214 0.10652173913043483
0 0.08154713485177151 0.6474914905265163 0.11352133044107013 0.1401028277634962
0 0.22001423535791756 0.4926071717604494 0.06796818510484455 0.11568123393316192
0 0.18241481381055674 0.39749149052651617 0.09110629067245117 0.15681233933161956
0 0.11191589840925525 0.4450493311434828 0.07302964569775852 0.12596401028277635
0 0.023340338033261025 0.5240981743311435 0.04338394793926247 0.13753213367609254
0 0.3335355657989877 0.7175429044082644 0.06362979031091828 0.10539845758354759
0 0.41451893528561096 0.5800107707321718 0.07086044830079535 0.11053984575835477
0 0.39210389551699204 0.6905506164905265 0.0723065798987708 0.10025706940874039
0 0.35920440166305134 0.7792395625059507 0.060014461315979754 0.10025706940874039
0 0.3874039678235719 0.28502362420260874 0.06579898770788144 0.11182519280205655
0 0.33172790130151847 0.1776971460535085 0.07013738250180766 0.12853470437017994
