0 0.5707913598493531 0.5024708463757895 0.06112469437652817 0.09927534020465359
0 0.6459747339324828 0.6492099768105721 0.05990220048899755 0.12753620976987096
0 0.5919812290281812 0.8459490740740742 0.07742466262033929 0.13695652173913045
0 0.4856242608130221 0.8742099768105721 0.061124694376528114 0.12246379023012906
0 0.3957709600795258 0.8466737670407013 0.06234718826405867 0.10652180547299595
0 0.2688353323217515 0.8339926186775048 0.05867970660146703 0.07536236306895382
0 0.43305702364920795 0.6539201327952019 0.04889975550122247 0.08043478260869572
0 0.7018019423605275 0.38435488223261693 0.051752216367092055 0.094927514117697
0 0.5479714490770807 0.6151519947389857 0.06112469437652817 0.11159415867017662
0 0.5274102011494253 0.75619723583878 0.06689655172413793 0.14705882352941171
0 0.4946515804597701 0.66244723583878 0.04137931034482758 0.09191176470588235
0 0.4408584770114943 0.9517778118191721 0.060689655172413794 0.09459252450980397
0 0.43189295977011494 0.7476188044662311 0.06620689655172415 0.09313725490196081
0 0.7494791666666667 0.3383050789760349 0.05448275862068961 0.09313725490196077
0 0.6546515804597701 0.39590311819172114 0.04137931034482764 0.09558823529411767
0 0.6036170977011495 0.4142854711328976 0.04827586206896548 0.07352941176470591
0 0.5953412356321839 0.7028884123093682 0.057931034482758645 0.10906862745098037
0 0.5757626084598698 0.9649922938684187 0.0477223427331887 0.06816356041131111
0 0.5106866865509762 0.9701336820432257 0.05784526391901661 0.05788078406169672
0 0.31292819052783805 0.41677169618204324 0.04699927693420101 0.04370179948586118
0 0.6354155368763557 0.5189567861563363 0.05856832971800436 0.09383033419023137
0 0.5750395426608821 0.3910647553080073 0.04483007953723792 0.08483290488431876
0 0.6231234182935647 0.3351521589069789 0.048445408532176396 0.06812339331619537
0 0.7373678145336225 0.9784884378272874 0.051337671728127296 0.04117127249357332
0 0.43223404736080984 0.38078197895839283 0.03398409255242226 0.05912596401028276
0 0.5193634761388286 0.34543493525659336 0.024584237165582046 0.07069408740359896
0 0.4940561731742588 0.38142465248024376 0.024584237165582046 0.05784061696658098
