0 0.4750292889160555 0.3691374909282691 0.05867970660146699 0.12536229672639265
0 0.4051434007814092 0.31442733494363934 0.07294216016102535 0.13043478260869568
0 0.9312232828179121 0.33326792571087777 0.07701711491442538 0.144927514117697
0 0.7050619136247581 0.3176882045088567 0.06397722985750308 0.1326086956521739
0 0.8472786776691116 0.3687751942018764 0.07457212713936426 0.11159422501273779
0 0.7922664900377892 0.4789200996239212 0.07864708189276434 0.14637683370838994
0 0.7713519070860447 0.3627871203465677 0.06146059291395514 0.11053984575835477
0 0.7489368673174259 0.24582053936970388 0.06146059291395514 0.08226221079691516
0 0.9611566793203181 0.9534241704751023 0.0737527114967462 0.09129980719794352
0 0.6661458333333333 0.9656349673902694 0.08242950108459865 0.06687821336760928
