0 0.41044088672989254 0.8825432990868121 0.07864715650786978 0.1202898108440897
0 0.8507424227862992 0.5285578028975286 0.06519964912992814 0.10362316629161007
0 0.4477269502995747 0.6868911251737684 0.06519972374503365 0.08985502823539399
0 0.2945077039598933 0.7666012479871176 0.05460475184806691 0.08260869565217396
0 0.15045716177669113 0.7901520279102664 0.07701711491442545 0.10652180547299595
0 0.3743772983939646 0.5818186392914655 0.05460471454051424 0.08260869565217396
0 0.288598989721421 0.6694998208259424 0.055827208428044804 0.09710149350373645
0 0.20893313183275394 0.7401519947389857 0.05297471025462255 0.08768111519191575
0 0.3285337776115685 0.4376157517978344 0.05338222065298363 0.0927536010742188
0 0.4177758500550759 0.4955867773476815 0.04767726161369191 0.0855072021484375
0 0.1696095722325954 0.6517461865804429 0.06805214730335042 0.09927534020465359
0 0.19426320518238716 0.5133403784219003 0.07742458800523382 0.15869565217391302
0 0.6125598885707965 0.2752969167466709 0.03871233131016964 0.07101450381071672
0 0.424499566436494 0.3760215599563771 0.05052979709466688 0.07826086956521743
0 0.46499640804597697 0.5925942946623094 0.04689655172413794 0.08455882352941181
0 0.39982399425287357 0.648354098583878 0.04482758620689656 0.08578431372549018
0 0.3463757183908046 0.6716384123093682 0.04965517241379308 0.0759803921568627
0 0.3998239942528735 0.3101188044662309 0.039310344827586205 0.06617647058823532
0 0.6525826149425287 0.25558449074074074 0.042758620689655184 0.06985294117647062
0 0.581892959770115 0.30031488289760355 0.02689655172413789 0.05882352941176473
0 0.38534123563218386 0.4148982162309368 0.04206896551724141 0.07965686274509802
0 0.32637571839080454 0.6005599809368192 0.05241379310344829 0.0759803921568627
0 0.418444683908046 0.5729864515250545 0.039310344827586205 0.08210784313725486
0 0.20809985632183906 0.4020305691721133 0.04758620689655171 0.08333333333333334
0 0.30258261494252875 0.5209031181917211 0.07931034482758621 0.1323529411764706
