0 0.19222570915191076 0.6455867773476816 0.05949469009063645 0.10144931959069295
0 0.2894139732105905 0.7771085164781162 0.041157281777678044 0.08043478260869572
0 0.15086467217505223 0.8021085496493969 0.07049717238596423 0.13043484895125684
0 0.050416418198365544 0.7912389844320055 0.10105948226667558 0.16521745764690893
0 0.6991531807325094 0.2883403784219002 0.054604751848066964 0.07391304347826089
0 0.25681414864562646 0.6742099436392914 0.055827208428044776 0.11086956521739132
0 0.2162680951579373 0.5263838898540504 0.06275466135486706 0.09927534020465359
0 0.1505999186550976 0.5427357064648195 0.05929139551699203 0.11568123393316196
0 0.1524075831525669 0.43797992240312295 0.07592190889370931 0.12210796915167098
0 0.12167728669558929 0.6571315933542797 0.06941431670281994 0.14395886889460158
0 0.5587705621836587 0.9341238812720174 0.07736804049168479 0.11696658097686369
0 0.528401798626175 0.8518616704751023 0.04555314533622561 0.10411311053984576
0 0.5725088123644251 0.7689567861563363 0.06146059291395514 0.12853470437018
0 0.6061313720173535 0.6944066576216319 0.04916847433116409 0.08740359897172235
0 0.7326678868402025 0.3788539583928401 0.06796818510484452 0.10925449871465295
0 0.7836440256688357 0.309445218032943 0.06146059291395514 0.11182519280205655
0 0.8346201644974693 0.2651007450252309 0.05929139551699206 0.10796915167095116
0 0.9018652838033261 0.251604601066362 0.07953723788864787 0.10411311053984576
0 0.6665073662328271 0.9109876344853851 0.08170643528561096 0.15552699228791766
0 0.7539983279103398 0.8672858349995239 0.09038322487346354 0.1349614395886889
0 0.7326678868402025 0.9714190290869275 0.08387563268257417 0.05531008997429307
0 0.847635348879248 0.7760261948966962 0.0954446854663774 0.10411311053984576
0 0.8722195860448301 0.6552035727887271 0.06652205350686913 0.12724935732647816
0 0.8114820589298626 0.4109876344853851 0.05784526391901667 0.05526992287917738
0 0.9720026663051338 0.4148436756164905 0.05495300072306577 0.14010282776349609
0 0.9383801066522054 0.6661290226601922 0.06290672451193054 0.15938303341902316
0 0.3284741052060738 0.12692593782728745 0.033261026753434564 0.07069408740359898
0 0.2735211044830079 0.06201591212034657 0.030368763557483754 0.07712082262210798
0 0.3364278289949385 0.07679740312291726 0.03904555314533624 0.060411311053984576
0 0.31762811822125814 0.02474084785299438 0.030368763557483722 0.04370179948586118
0 0.429341784164859 0.10443236456250594 0.02675343456254519 0.06426735218508998
0 0.8060590654374548 0.6783398195753594 0.04699927693420101 0.11953727506426733
0 0.9636874096167751 0.9502108028658479 0.06724511930585682 0.09772654241645243
