0 0.7775965260798697 0.6778331762734627 0.0916870415647922 0.12826086956521737
0 0.7967489551895502 0.885079575199244 0.07701711491442538 0.1253623630689537
0 0.8513536697300645 0.8006592632299845 0.058272233510658585 0.08550733483355984
0 0.6357872724338771 0.7973983936647672 0.05338225796053635 0.08768124787703808
0 0.38965849064187297 0.48363025560855105 0.06397722985750308 0.11376807171365493
0 0.5779225493215796 0.8930505675778107 0.08924205378973109 0.12246385657269028
0 0.6856860632183908 0.7304619417211329 0.06068965517241374 0.09068627450980386
0 0.6880998563218391 0.8536237064270152 0.06275862068965524 0.10416666666666667
0 0.6632722701149426 0.9406335103485838 0.07103448275862073 0.10171568627450983
0 0.5146515804597701 0.9461482162309368 0.0662068965517241 0.10049019607843135
0 0.4398239942528736 0.9591307529956428 0.07379310344827589 0.07988664215686281
0 0.95465158045977 0.8021531181917211 0.08965517241379312 0.1115196078431373
0 0.11697735900216918 0.06458660620775016 0.07302964569775848 0.12596401028277635
