0 0.6066511556785479 0.5984853170152256 0.07986965039540041 0.144927514117697
0 0.4051190798987708 0.9392853529943826 0.0853217642805495 0.11957744215938312
0 0.3436584869848156 0.9116303080072361 0.060737527114967445 0.13624678663239084
0 0.2764133676789588 0.962421599781015 0.08966015907447575 0.07330494858611829
0 0.4730872650036153 0.5189567861563363 0.03759942154736079 0.08097686375321335
0 0.4333186460592914 0.48682311006379125 0.0477223427331887 0.08354755784061699
0 0.39716535610990605 0.4469773517090355 0.03759942154736079 0.06555269922879182
0 0.4459722975415763 0.4418359635342283 0.03398409255242226 0.05269922879177379
0 0.39499615871294286 0.2297537013234314 0.03759942154736079 0.07583547557840616
0 0.33678936189443237 0.24324984528230023 0.0253073029645698 0.06683804627249354
0 0.31292819052783805 0.32551205607921546 0.0368763557483731 0.09254498714652955
0 0.23845241323210412 0.5851521589069789 0.052783803326102684 0.11825192802056561
0 0.7503829989154014 0.45918814862420265 0.044107013738250225 0.051413881748072016
