1 0.6192835676446617 0.7060940458386801 0.10268948655256728 0.13260869565217395
1 0.759059788503254 0.3229413619918119 0.07013738250180772 0.13881748071979433
1 0.7717134399855387 0.4758976601923261 0.05495300072306577 0.16195372750642678
1 0.8805348427331887 0.4977485599352566 0.1193058568329718 0.17223650385604117
1 0.8270279736080983 0.6333526730457965 0.06579898770788144 0.12467866323907452
1 0.5500937725958062 0.29530640055222324 0.08026030368763551 0.12467866323907457
1 0.5255095354302242 0.3872087141769019 0.07736804049168479 0.10539845758354759
0 0.4571798174258858 0.2213989455393697 0.04916847433116415 0.11311053984575835
0 0.4011422180043384 0.15327555222317432 0.07158351409978311 0.12853470437017994
0 0.7156758405639913 0.11535781443397124 0.09038322487346342 0.11696658097686373
0 0.8125666576283441 0.04918252523088641 0.10629067245119306 0.10021690231362468
