0 0.7291042809770083 0.45392009962392127 0.05582724573559747 0.1442029206649117
0 0.6816307559087205 0.06254781701522558 0.07579462102689488 0.126947485882303
0 0.5406364857518974 0.08000705614566037 0.04645476772616135 0.10217391304347825
0 0.7350130138692569 0.16406502163160638 0.04645476772616135 0.1224637570588485
0 0.7832824927693419 0.29723442111777587 0.05495300072306577 0.14395886889460155
0 0.7366447487346349 0.29723442111777587 0.04989154013015178 0.12082262210796915
0 0.7966592100506146 0.16420100209463964 0.06724511930585682 0.16066838046272497
0 0.7749672360809833 0.04213320003808436 0.06869125090383221 0.08611825192802056
0 0.6285464117859725 0.16291565505093783 0.06218365871294284 0.06298200514138817
0 0.49333310737527114 0.22204161906122058 0.041937816341287085 0.06298200514138817
0 0.5117712852494577 0.14941951109206894 0.03832248734634855 0.07969151670951158
0 0.7586982556037599 0.7104734956679044 0.04193781634128702 0.06555269922879177
0 0.7308602223427331 0.8467202823002951 0.04555314533622561 0.06298200514138812
0 0.6950684652928416 0.8968488170046653 0.0506146059291396 0.08354755784061699
0 0.6784379519161243 0.8248693825573645 0.040491684743311634 0.05784061696658093
0 0.6643381688358639 0.7085454751023518 0.03109182935647148 0.04370179948586118
