0 0.6539209068938786 0.657543299086812 0.057049739623128086 0.10217391304347824
0 0.7655753610575209 0.5890650382172468 0.04156479217603912 0.09710149350373645
0 0.7215655811064207 0.6789200996239213 0.04645476772616135 0.09275360107421875
0 0.7908402596048544 0.416238951260725 0.04889975550122247 0.1021739130434783
0 0.7321605156958347 0.32964475941926774 0.054604751848066964 0.08985509457795515
0 0.574662578057349 0.6814563425650729 0.05338225796053635 0.09202894127887233
0 0.8288356381055676 0.3467202823002951 0.0694143167028199 0.08097686375321335
0 0.6914531362979032 0.815871953251452 0.03470715835140995 0.060411311053984576
0 0.6972376626898047 0.9142010020946396 0.0477223427331887 0.07712082262210787
0 0.6451769251626897 0.8248693825573645 0.04627621113521331 0.060411311053984576
0 0.6654227675343456 0.7535326216319146 0.04193781634128702 0.0616966580976864
0 0.6166158261026754 0.7503192540226602 0.03832248734634855 0.07583547557840616
0 0.04250158170643528 0.7991624416833286 0.07881417208966017 0.15809768637532132
0 0.6636151030368763 0.5478770946396267 0.05712219812002897 0.10796915167095113
0 0.7185681037599421 0.5684426473388555 0.044107013738250225 0.0951156812339332
0 0.8147358550253073 0.51445807150338 0.04699927693420101 0.07455012853470433
