0 0.10644740047936722 0.8021085164781162 0.12265689915141732 0.1536232326341712
0 0.7720953408935348 0.7202244474500082 0.08638959292386149 0.13768118153447698
0 0.8216063433385227 0.46587665453433225 0.08109206966782546 0.1391304347826087
0 0.22075056030969847 0.8966737338694207 0.09290953545232276 0.14855068040930716
0 0.09383925343456255 0.9450694146910407 0.1265365148228489 0.10800931876606691
0 0.08660859544468547 0.6590596139198324 0.12219812002892264 0.17095115681233936
0 0.8881270336225596 0.765100745025231 0.09689081706435279 0.14652956298200512
0 0.9600720806218366 0.6449207964391127 0.07881417208966018 0.2017994858611825
0 0.9752564624005785 0.4154863491383415 0.048445408532176396 0.13881748071979438
0 0.9047575469992769 0.33193879129772447 0.09978308026030369 0.16452442159383032
0 0.8103974602313809 0.232324395410835 0.0730296456977585 0.11439588688946013
0 0.7373678145336225 0.213044189755308 0.06146059291395514 0.10154241645244219
0 0.8125666576283442 0.12435524373988385 0.05712219812002897 0.10925449871465297
0 0.7742441702819957 0.07744007664476815 0.07736804049168479 0.10539845758354754
0 0.9134343365871294 0.11921385556507663 0.12002892263195951 0.17095115681233933
0 0.9795948571945047 0.22011359849566792 0.03976861894432394 0.09511568123393314
0 0.6404769974692698 0.2046894339712463 0.07013738250180772 0.10282776349614393
0 0.5884162599421549 0.277311541940398 0.044107013738250225 0.060411311053984576
0 0.5385247198120029 0.3248693825573645 0.036876355748373155 0.08354755784061699
0 0.48754858098336945 0.38335267304579645 0.0361532899493854 0.07197943444730079
0 0.5074328904555314 0.30366115633628493 0.042660882140274775 0.07455012853470439
0 0.5490091738973246 0.2381084571074931 0.04193781634128702 0.07455012853470436
