0 0.4031059234047092 0.5108041686520293 0.06397722985750308 0.09710149350373641
0 0.365819859835027 0.3401519947389858 0.05052979709466688 0.08768111519191575
0 0.394634625813449 0.40520357278872704 0.042660882140274775 0.06940874035989719
0 0.36896578994938534 0.2239696396267733 0.03759942154736079 0.07197943444730079
0 0.3407662237888648 0.18605190183757023 0.03759942154736079 0.052699228791773765
0 0.3038898680404917 0.16355832857278874 0.03470715835140995 0.053984575835475564
0 0.37438878344179316 0.11342979386841856 0.03976861894432394 0.07455012853470439
0 0.3252203091106291 0.11021642625916404 0.042660882140274775 0.060411311053984576
0 0.429341784164859 0.08579483242882986 0.02675343456254519 0.03984575835475579
0 0.4007806851048445 0.08450948538512806 0.024584237165582046 0.060411311053984576
0 0.2127835773680405 0.10700305864990954 0.028922631959508303 0.03598971722365038
0 0.032740193420101225 0.3486483028658478 0.04049168474331164 0.04884318766066837
0 0.5171942787418655 0.8724272231743311 0.030368763557483722 0.06812339331619542
0 0.5211711406362979 0.027331625487955823 0.055676066522053466 0.0565151028277635
0 0.4712796005061461 0.05880254451109207 0.0368763557483731 0.050128534704370176
0 0.4354878434562545 0.04402105350852138 0.027476500361532884 0.04627249357326478
0 0.4025883496023138 0.04145035942111778 0.02819956616052058 0.04627249357326479
