0 0.4791042809770083 0.6397896648413126 0.039934825197700204 0.09420292066491169
0 0.6166348433241965 0.8564563757363534 0.051752216367092055 0.08260876199473507
0 0.6724620517522413 0.5687751942018764 0.05990220048899755 0.07101447063943611
0 0.6013536697300644 0.49449982082594235 0.04237981297276126 0.07318845002547553
0 0.06529010004791284 0.71442736811492 0.0745721271393643 0.12028987718665081
0 0.7382730224410402 0.47167373386942063 0.05867970660146694 0.10869565217391303
0 0.10836958706639101 0.6554389637799565 0.07718814610613371 0.12867647058823534
0 0.17142954571559846 0.6364438657407407 0.05720192970365264 0.10049019607843135
0 0.29134684413048473 0.5304389637799565 0.05168849069607167 0.09926470588235298
0 0.3299409171835516 0.5371791598583878 0.04755341144038597 0.08333333333333334
0 0.3457920543303469 0.3276203363289761 0.042039972432804974 0.0514705882352941
0 0.522566692510912 0.4262722971132898 0.03721571330117162 0.03799019607843135
0 0.5394515994716289 0.4152428853485839 0.025499655410062043 0.040441176470588244
0 0.653855458878934 0.4703899441721133 0.03101309441764298 0.02818627450980392
