0 0.27861528342199593 0.5854418719256366 0.07334963325183373 0.10869565217391308
0 0.4218508421160287 0.8016782517978344 0.055827245735597525 0.07740034020465358
0 0.3273113023778143 0.42819547299985533 0.04523227383863079 0.07826086956521743
0 0.44161448086192184 0.47420997681057214 0.05867970660146699 0.06594205109969428
0 0.11969107804302288 0.4821810023604192 0.0774245880052338 0.10652173913043483
0 0.04124772336877451 0.8694998208259423 0.07946212134326291 0.12753627611243207
0 0.03656149369094463 0.5310940126673995 0.07334963325183375 0.1275362097698709
0 0.24275545028524856 0.4673259077824641 0.07334963325183373 0.12318845002547558
0 0.11785733721172703 0.1169635778847908 0.038712331310169615 0.061594225012737765
0 0.1505999186550976 0.9598509056936114 0.07953723788864785 0.07844633676092548
0 0.06817041757049892 0.9469974352565933 0.08821402747650037 0.10415327763496145
0 0.18241481381055674 0.4643295367990098 0.03759942154736079 0.07455012853470433
0 0.20736058387563266 0.3807819789583928 0.07881417208966016 0.08997429305912595
0 0.1325232736804049 0.39170742882985815 0.04916847433116412 0.09125964010282778
0 0.07901640455531453 0.40648891983242885 0.04483007953723788 0.10539845758354753
0 0.03671705531453363 0.36021642625916406 0.06001446131597976 0.09511568123393314
0 0.03780165401301518 0.2638153979815291 0.062183658712942874 0.12596401028277632
0 0.025871068329718003 0.10186167047510235 0.046999276934201015 0.11053984575835477
0 0.06961654916847433 0.04723442111777588 0.0650759219088937 0.08868894601542417
0 0.14373079356471438 0.07358403551366276 0.06001446131597974 0.09768637532133675
0 0.45573368582791035 0.24453519232600207 0.040491684743311634 0.05655526992287916
0 0.7858132230657988 0.37885395839284014 0.04699927693420101 0.060411311053984576
0 0.7229064985538685 0.11985652908692754 0.036876355748373155 0.056555269922879174
0 0.6827763467100505 0.09350691469104065 0.028922631959508276 0.055269922879177376
0 0.7015760574837311 0.19376398409978102 0.030368763557483785 0.04241645244215938
0 0.6704842281272595 0.021527480243739888 0.030368763557483785 0.03470437017994859
