0 0.4418182547148788 0.7597172121302903 0.1063569682151589 0.17753627611243206
0 0.6971157033558094 0.5354418387543561 0.06927460388332823 0.08985509457795521
0 0.3805348427331887 0.9604935792154623 0.07664497469269703 0.07716098971722365
0 0.45754135032537957 0.2169002308864134 0.0730296456977585 0.10668380462724936
0 0.4647720083152567 0.11278712034656764 0.06435285610990599 0.11696658097686373
0 0.37691951373825017 0.20533210749309722 0.0477223427331887 0.11439588688946016
0 0.31545892082429494 0.10121899695325146 0.06507592190889368 0.11439588688946016
0 0.38885009942154736 0.06715730029515377 0.05856832971800436 0.11053984575835475
0 0.4626028109182936 0.017691522660192326 0.060014461315979754 0.037234897172236506
0 0.9665796728127259 0.9399280265162334 0.06579898770788144 0.1182920951156813
