0 0.42042457437554126 0.8492100099818527 0.03748983742263909 0.09275366741677987
0 0.4670830786471068 0.6894273681149199 0.04523227383863079 0.094927514117697
0 0.4982566727791361 0.8513839230253311 0.04400977995110023 0.09710149350373645
0 0.47217682805018596 0.9227606903911597 0.048084809319605765 0.09202894127887223
0 0.7782077730236349 0.5662389512607249 0.05623471882640582 0.0804347826086956
0 0.7058768971139275 0.4600795088566828 0.041157319085230765 0.05652173913043484
0 0.6078736495660784 0.4847172121302902 0.037489762807533585 0.04492758046025816
0 0.8688760945538535 0.7401519947389857 0.04523227383863085 0.054347826086956486
0 0.20689563580227754 0.51805053440653 0.03341484536168628 0.04927534020465359
0 0.36867233935467286 0.3640650382172467 0.05052975978711416 0.06884062393851904
0 0.4318345297616774 0.5437751942018764 0.04400977995110023 0.07318838368291436
0 0.8315900309841714 0.5771085164781162 0.05052979709466688 0.07318845002547558
0 0.4037171703484745 0.43290562898448515 0.033414882669239 0.06884055759595788
0 0.1130004971077368 0.5973629558221462 0.041937816341287064 0.08354755784061699
0 0.24965993311641357 0.4386225959249738 0.03181489515545914 0.053984575835475564
0 0.2601443872017353 0.32551205607921546 0.03687635574837313 0.04884318766066837
0 0.27460570318148947 0.15070485813577075 0.035430224150397704 0.0334190231362468
0 0.233752485538684 0.10378969104065504 0.027476500361532884 0.052699228791773765
0 0.24604460412147502 0.015120828572788727 0.04483007953723786 0.032093508997429306
0 0.4387416395516992 0.4713989455393697 0.032537960954446866 0.06298200514138817
0 0.48971777838033265 0.5864375059506808 0.041937816341287085 0.05655526992287921
0 0.4651335412147505 0.6243552437398838 0.03470715835140995 0.05526992287917738
0 0.43693397505422993 0.603789691040655 0.033261026753434564 0.03984575835475581
0 0.4593490148228489 0.5266688684185471 0.03470715835140995 0.07069408740359896
0 0.7568905911062906 0.5112447038941255 0.03543022415039765 0.050128534704370196
0 0.7926823481561821 0.5131727244596782 0.036153289949385346 0.05655526992287921
0 0.8827040401301518 0.7946637270303721 0.04266088214027472 0.05912596401028276
0 0.947056896240058 0.8570030586499096 0.04699927693420101 0.07326478149100261
0 0.9763410610990599 0.8248693825573645 0.04627621113521331 0.08354755784061699
0 0.9926100415762834 0.9174143697038942 0.013738250180766442 0.06555269922879177
0 0.9289802512653651 0.6622729815290869 0.03109182935647148 0.07712082262210798
0 0.9221111261749818 0.6057177116062077 0.03470715835140995 0.0616966580976864
0 0.9123497378886478 0.315871953251452 0.02819956616052058 0.03984575835475581
0 0.8859578362255965 0.4463346781871847 0.028922631959508276 0.035989717223650394
0 0.852696809472162 0.443763984099781 0.031814895155459176 0.053984575835475564
0 0.8295587039045552 0.5215274802437398 0.027476500361532884 0.047557840616966544
0 0.8103974602313809 0.4604734956679044 0.02819956616052058 0.05655526992287921
0 0.7749672360809833 0.4521187398838427 0.03976861894432394 0.04498714652956295
0 0.751106064714389 0.37628326430543657 0.02675343456254519 0.044987146529563
0 0.6860301428054953 0.39877683757021803 0.023861171366594408 0.07455012853470439
0 0.7214603669558928 0.353789691040655 0.03687635574837304 0.059125964010282805
0 0.6936223336948663 0.32936809721032084 0.024584237165582105 0.05912596401028276
0 0.7688211767895878 0.3312961177758736 0.040491684743311634 0.03984575835475581
0 0.5034560285610991 0.7278256807578786 0.031814895155459176 0.06940874035989714
0 0.4770641268980478 0.7721701537655905 0.0368763557483731 0.06298200514138812
0 0.36824272415039766 0.4142010020946396 0.0361532899493854 0.059125964010282805
0 0.7344755513376717 0.482324395410835 0.02819956616052058 0.053984575835475564
0 0.8899346981200288 0.5523758092925831 0.03543022415039765 0.060411311053984576
0 0.8718580531453363 0.5928642411691898 0.04266088214027472 0.04627249357326483
0 0.7756903018799711 0.41355832857278874 0.03543022415039765 0.05269922879177379
0 0.7182065708604484 0.4296251666190612 0.026030368763557493 0.05655526992287916
0 0.8709471198024352 0.9360762186819171 0.05168849069607167 0.07720588235294118
0 0.8830077676315184 0.8600958265250545 0.04548587181254303 0.05514705882352936
0 0.5287693113944407 0.48938504221132895 0.02756719503790492 0.058823529411764684
0 0.46260804330346894 0.45078210103485844 0.04272915230875262 0.05024509803921573
0 0.49741162703882386 0.5298262186819171 0.028256374913852512 0.061274509803921524
0 0.4071290632896853 0.2804389637799564 0.028256374913852512 0.05269607843137257
0 0.6076804071904434 0.3760271990740741 0.028256374913852512 0.057598039215686264
0 0.47191197162876186 0.3429389637799564 0.024121295658166807 0.030637254901960762
0 0.5125735843096715 0.9660432836328975 0.04755341144038597 0.06606158088235298
