0 0.7376617381897221 0.29305053440652995 0.13162186676249235 0.277536209769871
0 0.6079390365148228 0.17705447253165763 0.06435285610990604 0.12210796915167095
0 0.6104697668112798 0.5992909763876987 0.04483007953723792 0.07969151670951152
0 0.5435861804049168 0.5195994596781873 0.048445408532176396 0.0951156812339332
0 0.6036006417208967 0.45726012805864985 0.032537960954446866 0.06298200514138812
0 0.5732318781634128 0.40841694039798154 0.04266088214027472 0.08868894601542418
0 0.5385247198120029 0.3435069146910406 0.04555314533622556 0.07969151670951158
0 0.4864639822848879 0.4707562720175188 0.03832248734634855 0.05655526992287921
0 0.4810409887924801 0.5440210535085214 0.04338394793926247 0.05655526992287921
0 0.9011422180043384 0.4084169403979815 0.17642805495300068 0.26092544987146526
0 0.9398262382501807 0.7406791511948967 0.11785972523499642 0.1850899742930591
0 0.6654227675343456 0.13013930543654192 0.04193781634128702 0.09768637532133677
0 0.6509614515545914 0.035686381272017516 0.0694143167028199 0.07322461439588689
