0 0.3607960642119984 0.6667915559883936 0.11275725188078702 0.23391810634679958
1 0.3880998563218391 0.5172266476034858 0.05310344827586206 0.09313725490196081
0 0.5094791666666667 0.9242042824074075 0.1068965517241379 0.14973958333333334
0 0.4453412356321839 0.7286237064270151 0.06965517241379307 0.13112745098039216
0 0.8263757183908046 0.6747021377995642 0.08965517241379312 0.12622549019607837
0 0.9229274425287356 0.6955354711328976 0.07724137931034486 0.14583333333333334
0 0.7943067528735632 0.4669815495642702 0.08068965517241378 0.12254901960784316
0 0.6998239942528736 0.4853639025054466 0.07103448275862073 0.1274509803921569
0 0.6636170977011493 0.3395305691721133 0.07862068965517241 0.13970588235294118
0 0.748789511494253 0.3401433142701525 0.07241379310344828 0.11887254901960784
0 0.2605136494252873 0.03511114515250545 0.06827586206896549 0.07207414215686275
1 0.5777550287356322 0.29173645152505445 0.07655172413793103 0.14705882352941177
1 0.5563757183908045 0.15877076525054468 0.033793103448275845 0.09926470588235295
1 0.5125826149425288 0.18205507897603487 0.05793103448275859 0.13848039215686275
0 0.8653412356321838 0.2666139025054466 0.06551724137931032 0.11642156862745097
0 0.7132722701149425 0.2035011574074074 0.07862068965517241 0.125
0 0.545341235632184 0.810118804466231 0.1137931034482758 0.17156862745098037
0 0.4905136494252873 0.6955354711328975 0.056551724137931046 0.10661764705882351
1 0.4058421456977585 0.2670287655907836 0.09978308026030369 0.17095115681233933
0 0.8816194414316704 0.5221701537655907 0.08966015907447585 0.14652956298200512
0 0.9206649945770065 0.5947922617347424 0.08387563268257417 0.1066838046272494
0 0.9083728759942155 0.18476655479386841 0.06796818510484452 0.10154241645244216
0 0.9546490871294289 0.2715274802437399 0.05929139551699206 0.10796915167095116
0 0.973810330802603 0.4328385342283157 0.051337671728127296 0.14524421593830328
0 0.9358493763557483 0.39170742882985815 0.05784526391901667 0.10668380462724936
0 0.9192188629790311 0.3287254236884699 0.0506146059291396 0.11696658097686373
0 0.8393200921908894 0.15648891983242885 0.044107013738250225 0.09897172236503858
0 0.635054003976862 0.437337248881272 0.08532176428054955 0.08997429305912595
0 0.6787994848156184 0.9386426794725317 0.0976138828633406 0.12086278920308484
0 0.7764133676789589 0.9245038619918119 0.0976138828633406 0.14914042416452444
0 0.9658566070137382 0.5684426473388554 0.06724511930585682 0.11825192802056551
1 0.6087141770043648 0.6499242578976036 0.1461061337008959 0.269607843137255
1 0.47501328107052604 0.5243115127995642 0.1157822191592005 0.23406862745098037
1 0.07701190271077418 0.8747442640250545 0.1509303928325293 0.2486596200980393
