0 0.30347265291719194 0.8673259077824641 0.1303993355674091 0.23188410219938854
0 0.4336682705929732 0.8361664985497027 0.11939685327208131 0.1942029206649117
0 0.7250292889160554 0.7452244474500083 0.10391198044009779 0.2297101228133492
0 0.546137708245785 0.7818186392914656 0.09413202933985332 0.21304347826086956
0 0.6363757183908046 0.7807070397603485 0.07241379310344828 0.15686274509803919
0 0.614996408045977 0.9308295887799565 0.08068965517241378 0.12377450980392153
0 0.7105136494252873 0.91244723583878 0.0868965517241379 0.15808823529411767
0 0.39809985632183914 0.9590158632897604 0.08827586206896551 0.07230392156862749
0 0.7981053416485899 0.9682056614776731 0.08749096167751264 0.06173682519280209
0 0.5171942787418655 0.9759177437398838 0.0838756326825741 0.046312660668380405
0 0.17039577590167698 0.3484536696623094 0.04135079255685733 0.1053921568627451
