0 0.6311010334291591 0.8549391213630517 0.15566427142229528 0.2882699054220448
0 0.8147358550253073 0.6269259378272874 0.15545914678235714 0.21465295629820053
0 0.6318002078814172 0.341578894125488 0.06146059291395514 0.06555269922879177
0 0.6140850958062183 0.4521187398838427 0.07809110629067248 0.12982005141388175
0 0.572870345263919 0.4315531871846139 0.04483007953723792 0.11953727506426733
0 0.6972376626898048 0.3293680972103209 0.06362979031091835 0.07455012853470439
0 0.6806071493130874 0.3827099995239456 0.05784526391901667 0.08097686375321339
1 0.595285385032538 0.18026784014091213 0.060737527114967445 0.11825192802056553
1 0.6863916757049892 0.12628326430543654 0.0694143167028199 0.13110539845758354
1 0.7825594269703542 0.10764573217176045 0.06652205350686913 0.12467866323907457
1 0.8324509671005061 0.04018509592497382 0.05639913232104116 0.08222204370179949
0 0.7659289135936371 0.018976869703894124 0.07086044830079541 0.0398055912596401
0 0.6549383134490239 0.2683141126344854 0.055676066522053466 0.08611825192802056
1 0.43982623825018075 0.3910647553080072 0.07809110629067248 0.08740359897172235
1 0.5320171276211135 0.17962516661906122 0.04699927693420106 0.12467866323907452
0 0.5569628976861895 0.2908076858992669 0.05929139551699206 0.09511568123393314
