0 0.33525751264676296 0.7463114039717473 0.08231463817046153 0.14202900762143345
0 0.7415329563977181 0.7785578028975286 0.1051344743276284 0.1442029206649117
0 0.699406860086768 0.9290025766447683 0.12436731742588579 0.1401429948586119
0 0.7753287689804772 0.70019071931829 0.06796818510484452 0.047557840616966544
0 0.5446707791033985 0.6217845496524802 0.046276211135213255 0.060411311053984576
0 0.2558059924078091 0.9604935792154623 0.07592190889370931 0.07716098971722365
0 0.3563121384671005 0.4411932900123774 0.048445408532176396 0.08997429305912595
0 0.29810534164859004 0.41484367561649055 0.04627621113521331 0.08868894601542418
0 0.25472139370932756 0.3312961177758736 0.04483007953723792 0.08611825192802058
0 0.36679659255242225 0.36728583499952394 0.0361532899493854 0.09383033419023137
0 0.3711349873463485 0.28181025659335424 0.03470715835140995 0.06426735218508994
0 0.35920440166305134 0.24517786584785298 0.042660882140274775 0.06555269922879174
0 0.3237741775126537 0.32165601494811 0.0368763557483731 0.07197943444730073
0 0.3067821312364425 0.2753835213748453 0.03470715835140995 0.04884318766066837
0 0.3002745390455531 0.2284683542797296 0.028922631959508335 0.06298200514138817
0 0.2691827096890817 0.24774855993525657 0.036153289949385374 0.06812339331619537
0 0.3588428687635575 0.187337248881272 0.05784526391901661 0.05784061696658098
0 0.8143743221258134 0.8974914905265162 0.0766449746926971 0.16452442159383043
