0 0.42252445927372684 0.6167184677272746 0.09135802469135801 0.15277782239412008
0 0.31532280062451773 0.3374787127994886 0.07530864197530865 0.11476610417951616
0 0.09699811911325525 0.23754680691721133 0.07374224672639561 0.09926470588235295
0 0.031181440960257295 0.1425713167211329 0.053756030323914544 0.10294117647058822
0 0.3830077676315185 0.5053164147603486 0.06133700895933837 0.07843137254901965
0 0.3981697249023662 0.47590465005446614 0.05582356995175743 0.07352941176470586
0 0.38300776763151856 0.40298798338779956 0.05031013094417644 0.08700980392156865
0 0.49982375660464057 0.5561742578976034 0.07994486560992424 0.12132352941176469
0 0.446067726280726 0.466713473583878 0.045485871812543086 0.07720588235294118
0 0.4984453968527452 0.46916445397603485 0.049620951068228794 0.06004901960784316
0 0.6810780639788652 0.5592379833877995 0.06478290833907654 0.12254901960784316
0 0.6807334740408915 0.7547036696623094 0.0696071674707099 0.10416666666666667
0 0.6821118337927866 0.9029879833877995 0.10130944176430046 0.1384803921568627
0 0.6145722059499196 0.7577673951525055 0.05720192970365261 0.12745098039215685
0 0.6607472576384104 0.648698767701525 0.05582356995175743 0.10539215686274504
0 0.7741173472317942 0.7020075912309368 0.14197105444521013 0.1875
0 0.6796997042269699 0.41340465005446625 0.08132322536181948 0.1593137254901961
0 0.45399329485412365 0.11928700299564271 0.06685044796691937 0.1323529411764706
1 0.560816175626005 0.34232621868191726 0.04341833218470015 0.13480392156862744
