0 0.6938557320915789 0.7984853170152256 0.08394460514880049 0.12753620976987096
0 0.7788190199674003 0.9274708795470701 0.0916870415647922 0.1202898108440896
0 0.2991899403470716 0.7914503594211177 0.11785972523499637 0.19922879177377895
0 0.5009252982646422 0.6410647553080072 0.04555314533622561 0.08611825192802053
0 0.7304986894432393 0.70019071931829 0.04193781634128702 0.037275064267352165
0 0.6563844450469993 0.9469974352565933 0.099060014461316 0.10415327763496145
0 0.317989651120752 0.4778256807578788 0.057122198120028916 0.0784061696658098
0 0.3237741775126536 0.40006218461391985 0.03832248734634849 0.07197943444730079
0 0.2731595715835141 0.3486483028658478 0.060014461315979754 0.10796915167095113
0 0.32052038141720895 0.309445218032943 0.04916847433116415 0.09125964010282778
0 0.3042514009399855 0.23296706893268587 0.04699927693420101 0.08740359897172233
0 0.25472139370932756 0.4630441897553081 0.0361532899493854 0.0976863753213368
0 0.20989131417208964 0.38078197895839283 0.05061460592913954 0.08740359897172235
0 0.23266788684020245 0.28438095068075786 0.060014461315979754 0.06940874035989719
