0 0.7364392443021917 0.30826794229651805 0.0998370256866977 0.18913046795388933
0 0.7635378836808209 0.5887027083195735 0.1116544168560895 0.18188403585682744
0 0.42934178416485896 0.1519902051794725 0.06290672451193059 0.13881748071979436
0 0.446695363340564 0.04209303294296867 0.05567606652205352 0.08354755784061696
0 0.8541429410701373 0.17191308435685043 0.12292118582791028 0.20694087403598968
0 0.8855963033261026 0.018956786156336284 0.13955169920462762 0.037275064267352186
0 0.9629643438177875 0.30109046224888125 0.0730296456977585 0.24935732647814904
0 0.9503106923355025 0.5318102565933542 0.0983369486623283 0.1709511568123393
0 0.9821255874909617 0.7342524159763876 0.03470715835140995 0.11311053984575832
0 0.6379462671728128 0.7355377630200896 0.07809110629067248 0.11568123393316196
