0 0.5913699820844158 0.4434128643042032 0.11043199758366444 0.16086956521739132
0 0.5746780097613883 0.8763033478529944 0.20173535791757047 0.24554145244215947
0 0.780390229573391 0.7104734956679044 0.15473608098336947 0.23778920308483295
1 0.41451893528561096 0.3756405907835856 0.07086044830079535 0.08997429305912595
1 0.5786548716558205 0.14749149052651625 0.07664497469269697 0.11696658097686374
1 0.676991820318149 0.09736295582214606 0.06507592190889373 0.13239074550128532
1 0.7760518347794648 0.06715730029515377 0.06796818510484452 0.11311053984575835
0 0.6083005694143168 0.3370801794725317 0.06218365871294284 0.0976863753213368
0 0.674461090021692 0.3177999738170047 0.06290672451193054 0.06940874035989719
1 0.5063482917570499 0.14620614348281444 0.04483007953723786 0.13496143958868895
1 0.4864639822848879 0.04211311649052652 0.060014461315979754 0.08607808483290488
0 0.4777871926970354 0.6738411049224032 0.060014461315979754 0.16195372750642678
0 0.4506722252349964 0.8788539583928401 0.04916847433116415 0.1066838046272493
0 0.6361386026753434 0.24389251880415122 0.055676066522053466 0.08868894601542418
