0 0.26740908323504037 0.37493460343463797 0.055827208428044776 0.0992754065472147
0 0.18957696617766912 0.47783314310218206 0.05990220048899755 0.09202900762143346
0 0.16166336196364672 0.19015199473898578 0.0521597267654531 0.08478260869565217
0 0.26292659942950286 0.6031954729998553 0.05990220048899755 0.12536236306895382
0 0.3845647785463465 0.0977606738055194 0.04237981297276132 0.09420288749363112
0 0.2507016792079736 0.4738476469128989 0.05175225367464472 0.08985502823539399
0 0.44833819724333995 0.04262026972624799 0.05582717112049202 0.08709239130434783
0 0.21015562572028448 0.5738476469128989 0.037489837422639054 0.07101453698199733
0 0.3246625594035726 0.44449982082594236 0.03993478789014748 0.1021739130434783
0 0.167572076202119 0.6339925523349437 0.04523227383863082 0.07826086956521737
0 0.22951177272159295 0.19123893467508463 0.05175225367464472 0.09275363424549932
