0 0.5520464411380336 0.6528331431021821 0.07986957578029497 0.16811596414317256
0 0.4424294643510913 0.8278331762734628 0.08394460514880044 0.16304347826086957
0 0.30530639374848784 0.6963114039717474 0.08109210697537822 0.14202900762143345
0 0.07119881428638511 0.6691375240995497 0.11817439669210346 0.16304347826086957
0 0.352696809472162 0.5742267090355136 0.08170643528561096 0.13239074550128535
0 0.2915977494577007 0.5118873774159763 0.04916847433116415 0.10282776349614393
0 0.03816318691250903 0.5163860920689327 0.07013738250180766 0.12982005141388175
0 0.03816318691250904 0.9457120882128917 0.07592190889370933 0.10672397172236509
0 0.013217416847433116 0.8396508735599353 0.0274765003615329 0.11053984575835477
0 0.5732318781634127 0.047254504665333714 0.06290672451193054 0.09636086118251928
