0 0.10976724506896218 0.7779027117158469 0.11275717652874229 0.18859655815258364
0 0.15277137285397377 0.5798032407407407 0.10493827160493825 0.1359649122807018
0 0.4476273524908372 0.7720547138831303 0.08971195927372684 0.17690056248715047
0 0.836516241379726 0.7453734161793372 0.11522631233121139 0.19078947368421056
0 0.8303434018735532 0.5662798712360463 0.11687245310088734 0.19078947368421056
0 0.31182484567901236 0.6156219764992044 0.07407407407407404 0.15058483993797964
0 0.5418929597701149 0.9130599809368192 0.11793103448275861 0.16666666666666669
0 0.041892959770114944 0.7084031181917211 0.08206896551724137 0.15441176470588236
0 0.35499640804597704 0.7329129221132897 0.06551724137931032 0.12745098039215685
0 0.4098239942528735 0.6348737064270152 0.05517241379310344 0.11274509803921567
0 0.35534123563218395 0.4798491966230937 0.06620689655172415 0.10906862745098041
0 0.2822377873563218 0.4773982162309368 0.06206896551724137 0.10661764705882351
0 0.24741020114942527 0.5588933142701524 0.0627586206896552 0.14705882352941183
0 0.7263757183908045 0.5803393927015251 0.10620689655172412 0.2218137254901961
0 0.784996408045977 0.4185746868191721 0.08551724137931037 0.1360294117647059
0 0.6894791666666666 0.39835409858387794 0.07517241379310349 0.12009803921568626
0 0.6098239942528736 0.38548645152505445 0.07448275862068965 0.13848039215686275
0 0.951548132183908 0.7445550789760348 0.09586206896551724 0.20955882352941183
1 0.07775502873563218 0.37935900054466226 0.09862068965517241 0.1360294117647059
0 0.2760308908045977 0.27335409858387794 0.06758620689655169 0.10784313725490194
0 0.7760308908045979 0.8854864515250545 0.13517241379310352 0.21200980392156865
1 0.47019500180766455 0.225897660192326 0.10845986984815621 0.2017994858611825
0 0.6260156814895155 0.5330956036370561 0.08893709327548803 0.13239074550128532
1 0.175909214909258 0.3846056304466231 0.07443142660234321 0.13848039215686275
0 0.31960321904433725 0.35519386574074074 0.11371467953135772 0.17769607843137258
0 0.4164329916149782 0.36070857162309367 0.09372846312887664 0.18137254901960784
0 0.4574391942338617 0.51205661083878 0.10130944176430053 0.1948529411764706
0 0.5067155553641167 0.6664683755446624 0.08407994486560988 0.17279411764705885
0 0.641105631173903 0.7038458265250545 0.10889042039972428 0.23529411764705885
0 0.6483420198713532 0.9145726953976034 0.10820124052377669 0.16900275735294118
0 0.9109195526073973 0.9164683755446624 0.11784975878704339 0.15563725490196081
0 0.7527527710774179 0.07088014025054465 0.08407994486560995 0.11887254901960781
0 0.06012699575005743 0.5861987677015251 0.06891798759476224 0.06862745098039216
0 0.022566692510912017 0.6051938657407407 0.0461750516884907 0.06495098039215684
