0 0.6092998799990131 0.882543299086812 0.0982069840932534 0.16376807171365487
0 0.6997683929862617 0.9662776409121204 0.10339840925524217 0.06559286632390746
0 0.6502383857556038 0.7265403337141768 0.07086044830079541 0.06426735218508994
0 0.4199419287780188 0.7201135984956678 0.049891540130151846 0.08483290488431881
0 0.1791610177151121 0.9354293118632773 0.14099783080260303 0.12728952442159386
0 0.21748350506146055 0.5677999738170046 0.06435285610990601 0.08097686375321335
0 0.2203757682574114 0.4810390483671332 0.05422993492407807 0.10025706940874034
0 0.2145912418655098 0.3974914905265162 0.05133767172812726 0.10539845758354759
0 0.15566137924801157 0.45019071931828997 0.05061460592913956 0.09254498714652955
0 0.13541553687635577 0.4129156550509378 0.04916847433116412 0.08226221079691516
0 0.19542999819233547 0.27923956250595067 0.06362979031091828 0.10282776349614396
0 0.14264619486623284 0.565229279729601 0.06362979031091828 0.10411311053984576
0 0.07720874005784525 0.49839123345710745 0.05278380332610268 0.11696658097686373
0 0.07757027295733912 0.3807819789583928 0.04193781634128706 0.08483290488431876
0 0.1343309381778742 0.3576457321717605 0.04699927693420101 0.06940874035989719
0 0.7872593546637745 0.8595737527373131 0.11352133044107013 0.18637532133676082
