0 0.40256560525776425 0.5904026782535902 0.09917696729118439 0.1630116512900905
0 0.280343383035542 0.32176232737639726 0.06954733766155477 0.10233922590289198
0 0.04772175798300024 0.21487523828976035 0.07029634734665749 0.11764705882352945
0 0.35061631346198024 0.38215465005446625 0.05444521019986214 0.06985294117647059
0 0.35750811222145645 0.4752919049564271 0.06822880771881461 0.09681372549019608
0 0.4722565615667356 0.5187968069172113 0.08132322536181942 0.12990196078431368
0 0.4181559413048473 0.44342915985838777 0.053066850447966905 0.08700980392156861
0 0.46743230243510225 0.44649288534858383 0.056512749827705024 0.061274509803921524
0 0.6573013582586723 0.8692870029956428 0.09993108201240529 0.17647058823529416
0 0.6583351280725938 0.7154879833877996 0.07167470709855278 0.116421568627451
0 0.5873496008499884 0.7197771990740741 0.06340454858718125 0.12009803921568621
0 0.6352476022283483 0.6223507284858388 0.04755341144038591 0.08700980392156865
0 0.6524770991270389 0.5200222971132897 0.06271536871123366 0.12009803921568621
0 0.7317327848610153 0.6627919049564269 0.09855272226051 0.1924019607843137
0 0.4233247903744544 0.1039683755446623 0.06753962784286696 0.1482843137254902
1 0.5339381604640479 0.31904190495642704 0.05582356995175743 0.14460784313725486
