0 0.6208783561800734 0.8327272396570989 0.06584359628182869 0.15497080485026044
0 0.9542116895134064 0.7300225724486115 0.09053495430652003 0.14985382347776177
0 0.8338413191430362 0.640475799976966 0.06460902838059408 0.10964912280701757
0 0.8457755006389852 0.47819509822258005 0.0670781641830633 0.10526315789473684
0 0.6858989574291088 0.6730049951267056 0.07242800865644293 0.10745614035087722
0 0.6846643895278741 0.3634289940430639 0.040329243224344086 0.07163747151692709
0 0.6264339494116513 0.564086888779906 0.06049382716049377 0.12938596491228066
0 0.7854874222366898 0.3743939063237657 0.05102885681905865 0.08333333333333334
0 0.37583491503976857 0.6294966319146911 0.049891540130151846 0.08868894601542418
0 0.31292819052783805 0.3222986884699609 0.03109182935647142 0.03984575835475576
0 0.5786548716558205 0.5292395625059507 0.04627621113521331 0.08354755784061699
0 0.7648443148951555 0.5067459892411692 0.03543022415039765 0.07197943444730079
0 0.7084451825741142 0.4990339069789584 0.052783803326102684 0.089974293059126
0 0.6845840112075199 0.4508333928401409 0.051337671728127296 0.07326478149100256
0 0.6010699114244396 0.6776971460535086 0.06218365871294284 0.11311053984575832
0 0.5616628253796097 0.7766688684185471 0.044107013738250225 0.08740359897172235
0 0.6994068600867678 0.7798822360278017 0.06218365871294284 0.09897172236503857
0 0.7525521963123645 0.8107305650766449 0.055676066522053466 0.08611825192802053
0 0.7362832158351409 0.7130441897553079 0.06652205350686913 0.10154241645244211
0 0.688922406001446 0.9231984314005522 0.060014461315979754 0.11568123393316196
0 0.7677365780911063 0.9456920046653338 0.03832248734634855 0.08611825192802053
0 0.8751118492407809 0.7753835213748453 0.08098336948662327 0.12853470437018
0 0.6307156091829356 0.14620614348281444 0.03470715835140995 0.060411311053984576
0 0.7489368673174258 0.20019071931829 0.03832248734634855 0.07326478149100256
0 0.7959361442516268 0.1738411049224031 0.03109182935647148 0.061696658097686374
0 0.8639043293564713 0.05687452394553937 0.032537960954446866 0.07712082262210798
0 0.8330422266253158 0.9519501463779957 0.07236388697450036 0.09424785539215685
0 0.9150546318630829 0.9691070091230938 0.10406616126809093 0.059934129901960814
