0 0.7893969123746141 0.5593354156375163 0.13950617283950623 0.19152049014442837
0 0.9260358814174925 0.7814346745642702 0.14550821074645318 0.3225337009803922
0 0.6287895114942529 0.5239668436819173 0.1 0.13357843137254907
1 0.3453412356321839 0.5019080201525055 0.07517241379310342 0.12622549019607848
0 0.7132722701149425 0.6723660471132897 0.09517241379310341 0.13380821078431368
0 0.7839619252873563 0.7672266476034858 0.12758620689655173 0.13725490196078433
0 0.241344676428055 0.41484367561649055 0.10773680404916848 0.13239074550128532
0 0.33570476319595083 0.42833981957535944 0.07519884309472158 0.12082262210796915
0 0.6665073662328271 0.424483778444254 0.07881417208966018 0.11568123393316196
0 0.5909469902386117 0.41998506379129774 0.07809110629067248 0.12724935732647816
1 0.8628197306579899 0.283738277158907 0.11713665943600861 0.20694087403598968
0 0.3313663684020246 0.232324395410835 0.041937816341287085 0.10668380462724938
0 0.36101206616052056 0.2124015162334571 0.040491684743311634 0.09254498714652955
1 0.206922309326901 0.6578899441721132 0.2246726395589249 0.2242647058823529
1 0.06598502469561222 0.9047687738289761 0.1330117160578911 0.18861060049019615
0 0.5005129364805881 0.45629680691721136 0.08545830461750518 0.11764705882352947
0 0.44882444578451647 0.3411007284858388 0.14610613370089595 0.1519607843137255
