0 0.5482445987654321 0.30604594195330587 0.028395061728395038 0.043128632662589074
0 0.6644997679157021 0.4076541179337232 0.040329167872299364 0.05043859649122806
0 0.5704668586636766 0.3455196596260888 0.02674899631076393 0.05043859649122806
0 0.6437179000289353 0.21467167852450067 0.028395061728395038 0.03581870229620682
0 0.6914545129846644 0.2632828007896974 0.03251026294849536 0.05263161240962515
0 0.7599730315031827 0.5209582226550602 0.04279837902681329 0.09576021160995751
0 0.7136767352068866 0.5293646442495127 0.04979421356577932 0.08333333333333334
0 0.1560635413652585 0.739525485271134 0.03333333333333333 0.05482456140350878
0 0.22375900833695023 0.7468354156375163 0.040329205548321756 0.06944442213627335
0 0.21984955587504823 0.39449625665913773 0.058847724066840267 0.05774856031986705
0 0.6952062514357915 0.4740664147603486 0.0392832529290145 0.04534313725490199
0 0.6983075608775557 0.43975268927015254 0.034458993797381154 0.037990196078431404
0 0.27618488685963705 0.7161007284858388 0.029634734665747776 0.08088235294117649
0 0.7296652452331726 0.4783556304466231 0.026878015161957217 0.053921568627451
0 0.18349019354468185 0.7890173951525055 0.038594073053066856 0.05759803921568631
0 0.25757703020905126 0.45384582652505445 0.024121295658166807 0.05637254901960789
0 0.1728079054674937 0.6817870029956428 0.03790489317711924 0.053921568627451
0 0.250685231449575 0.7124242578976034 0.03101309441764298 0.058823529411764684
0 0.18865904261428898 0.7277428853485839 0.02549965541006201 0.05759803921568631
0 0.21484787790029866 0.6872442640250545 0.03101309441764301 0.06261488970588235
0 0.2534419509533655 0.6554389637799565 0.05031013094417644 0.04534313725490199
0 0.2486176918217322 0.6107085716230937 0.04066161268090974 0.053921568627451
0 0.2413813031242821 0.5543360226034858 0.04272915230875259 0.0490196078431372
0 0.2462055622559155 0.5286007284858387 0.03997243280496212 0.04901960784313731
0 0.16419315701814843 0.6407330814270152 0.05099931082012405 0.05514705882352936
0 0.16212561739030554 0.5929389637799565 0.04824259131633356 0.05759803921568631
0 0.19899674075350332 0.6431840618191721 0.035148173673328745 0.05759803921568631
0 0.19761838100160808 0.6021301402505448 0.03376981392143348 0.05637254901960784
0 0.20967902883069148 0.5623017088779957 0.035837353549276356 0.05269607843137252
0 0.16626069664599127 0.5145075912309368 0.04410751206064782 0.06004901960784316
0 0.20071969044337243 0.46242425789760344 0.035837353549276356 0.058823529411764684
0 0.20933443889271766 0.5248668130446623 0.029634734665747717 0.05380667892156865
0 0.23000983517114637 0.4912232775054466 0.039283252929014474 0.050245098039215674
0 0.22656393579140824 0.26083112064270153 0.017229496898690546 0.03308823529411766
0 0.22863147541925108 0.23448308142701527 0.015851137146795313 0.029411764705882342
0 0.23380032448885826 0.20507131672113288 0.02343211578221916 0.03676470588235293
0 0.24448261256604642 0.1817870029956427 0.022742935906271543 0.04166666666666667
0 0.2813537359292442 0.25286543436819175 0.017918676774638164 0.03186274509803924
0 0.2544757207672869 0.2626693559368192 0.024810475534114397 0.03186274509803924
0 0.2624012893406846 0.23325759123093684 0.015851137146795313 0.034313725490196054
0 0.24827310188375837 0.22896837554466232 0.015161957270847695 0.023284313725490204
0 0.30306290202159425 0.2357085716230937 0.013094417643004815 0.03186274509803924
0 0.28927930450264194 0.2173262186819172 0.017229496898690577 0.0269607843137255
0 0.27549570698368947 0.19771837554466232 0.01860785665058581 0.029411764705882366
0 0.3268396077417873 0.24551249319172117 0.020675396278428692 0.039215686274509824
0 0.3357989461291064 0.2124242578976035 0.020675396278428692 0.024509803921568627
0 0.7568878503331037 0.35090465005446625 0.04686423156443832 0.09068627450980392
0 0.3027183120836205 0.1468605324074074 0.017918676774638164 0.02818627450980392
0 0.27239439754192507 0.1272526892701525 0.024810475534114397 0.04044117647058823
0 0.22897606535722492 0.1149977873093682 0.03308063404548589 0.05024509803921569
0 0.23896917355846542 0.06965465005446622 0.03101309441764301 0.05269607843137254
0 0.25861080002297265 0.06224426402505446 0.02618883528600963 0.04545802696078431
0 0.2448272025040202 0.024924257897603483 0.028945554789800126 0.03676470588235294
0 0.3034074919595681 0.08436053240740742 0.01654031702274293 0.030637254901960776
0 0.28617799506087754 0.08742425789760348 0.0192970365265334 0.039215686274509796
0 0.32959632724557775 0.05923798338779957 0.0192970365265334 0.019607843137254898
0 0.35509598265563985 0.1572771990740741 0.017918676774638164 0.036764705882352956
