1 0.6325273011696466 0.7122534219001612 0.09413202933985332 0.1347826086956522
1 0.7975639386787198 0.4810940458386801 0.07049717238596429 0.16086956521739126
1 0.5638320227765727 0.28887966533371423 0.07736804049168479 0.12467866323907457
1 0.5378016540130152 0.37628326430543657 0.06869125090383227 0.13239074550128532
1 0.7746057031814895 0.3255120560792155 0.05639913232104116 0.15167095115681237
1 0.8454661514822848 0.3486483028658478 0.07519884309472158 0.12853470437017994
0 0.7344755513376717 0.10893107921546223 0.10484454085321768 0.13239074550128532
0 0.4116266720896602 0.14749149052651625 0.07664497469269703 0.13753213367609254
0 0.4633258767172813 0.2046894339712463 0.042660882140274775 0.11825192802056558
0 0.5320171276211135 0.6969773517090354 0.051337671728127296 0.07969151670951152
