0 0.8343067528735633 0.5270305691721133 0.25172413793103454 0.44607843137254904
0 0.6260308908045978 0.3916139025054466 0.1537931034482759 0.3174019607843137
0 0.8639619252873563 0.14417977260348583 0.23103448275862062 0.29021139705882354
0 0.6063757183908045 0.04001310593681917 0.10896551724137933 0.0818780637254902
0 0.07568606321839082 0.4902658632897604 0.1510344827586207 0.24264705882352944
0 0.19292744252873562 0.7506825299564269 0.12758620689655173 0.29289215686274506
0 0.3129274425287356 0.6397756672113291 0.1013793103448276 0.25245098039215685
0 0.061892959770114934 0.7549717456427015 0.12068965517241378 0.2990196078431372
0 0.3870653735632184 0.7065648828976034 0.04965517241379308 0.14583333333333334
0 0.3615481321839081 0.5821776279956428 0.04689655172413794 0.14950980392156865
0 0.39672054597701145 0.5815648828976034 0.07172413793103445 0.1433823529411765
0 0.3177550287356322 0.13058449074074074 0.05034482758620692 0.09926470588235295
0 0.35051364942528734 0.2163688044662309 0.07310344827586206 0.1262254901960784
0 0.3743067528735632 0.33646684368191726 0.07103448275862068 0.1139705882352941
0 0.38016882183908046 0.44308449074074074 0.060689655172413794 0.1311274509803921
0 0.4739619252873563 0.2831580201525054 0.0620689655172414 0.1323529411764706
0 0.4756860632183908 0.1875697848583878 0.0462068965517241 0.09068627450980392
0 0.36016882183908044 0.9603562431917211 0.05931034482758619 0.07743566176470595
