0 0.22543679931441654 0.7687751942018765 0.05745721271393644 0.09710142716117524
0 0.1343610046933896 0.6647896648413126 0.05623471882640586 0.08333335544752038
0 0.28533899980341404 0.5488476469128989 0.04360230686029185 0.08768111519191575
0 0.21015562572028448 0.6387027083195735 0.04237981297276132 0.07753620976987095
0 0.540229012661089 0.901383923025331 0.05867970660146694 0.06811589780061146
0 0.3332200166162866 0.7832679257108779 0.038304820911808514 0.06376813805621609
0 0.4222583152068371 0.8553693860433336 0.041157319085230765 0.0992754065472147
0 0.3831385294596354 0.686166465378422 0.045232311146183514 0.07826086956521737
0 0.42633330726778984 0.46696357788479087 0.033007334963325204 0.057246398925781254
0 0.5241328182702348 0.6597172121302903 0.032192388781708436 0.07318845002547558
0 0.47828929748783877 0.6658766213630517 0.04645476772616135 0.06666664455247963
0 0.5088516446761028 0.8137027414908542 0.030969894894177882 0.0637682043987772
0 0.4169608665659065 0.576021559956377 0.05175221636709199 0.07101453698199733
0 0.4721768280501859 0.8810940458386801 0.04237973835765588 0.08550733483355984
0 0.28921021801140995 0.6492099768105721 0.04400977995110023 0.0753622967263927
0 0.3479968817787419 0.5613732385984955 0.031814895155459176 0.07583547557840616
0 0.31835118402024587 0.5395223388555651 0.028922631959508335 0.07326478149100261
0 0.31726658532176427 0.7149722103208608 0.03398409255242226 0.089974293059126
0 0.1216772866955893 0.9598509056936114 0.0650759219088937 0.07844633676092548
0 0.37438878344179316 0.7740981743311435 0.04410701373825017 0.089974293059126
0 0.34835841467823575 0.699548045796439 0.02675343456254519 0.0616966580976864
0 0.3490814804772234 0.6397794082643052 0.03976861894432394 0.08354755784061699
0 0.317989651120752 0.6140724673902694 0.035430224150397704 0.06555269922879177
0 0.382342507230658 0.5890082000380842 0.041214750542299325 0.0668380462724936
0 0.421749593275488 0.7548179686756163 0.03470715835140995 0.05912596401028276
0 0.4636874096167751 0.7927357064648196 0.040491684743311634 0.07326478149100261
0 0.535993989515546 0.7483912334571073 0.04049168474331169 0.0668380462724936
0 0.5540706344902386 0.8280827501666189 0.04338394793926241 0.07969151670951162
0 0.5598551608821403 0.6474914905265162 0.04627621113521331 0.06298200514138812
0 0.5309325289226319 0.5877228529943825 0.03470715835140995 0.05655526992287921
0 0.4662181399132321 0.5048179686756166 0.04410701373825017 0.06555269922879177
0 0.4662181399132321 0.5941495882128917 0.041214750542299325 0.07969151670951162
0 0.4246418564714389 0.6507048581357707 0.04338394793926247 0.07712082262210798
0 0.4879101138828633 0.7406791511948967 0.041214750542299325 0.07455012853470433
0 0.45247988973246567 0.7201135984956677 0.03398409255242226 0.06426735218508994
0 0.9174111984815617 0.5729413619918119 0.05856832971800436 0.05526992287917738
