0 0.554695165458499 0.6847172121302901 0.042787286063569734 0.06666671089504074
0 0.6180610737571312 0.8905143578079396 0.04400977995110023 0.07101453698199733
0 0.6836682705929732 0.9202244806212889 0.05052979709466688 0.0681160304857338
0 0.6539209442014313 0.6524708463757894 0.04645476772616135 0.06884055759595788
0 0.6198948518959798 0.7615287952760953 0.028932380209925175 0.06376813805621609
0 0.5388027449206017 0.5919635778847909 0.042787286063569734 0.07101447063943611
0 0.541451469241067 0.5202244474500083 0.03993482519770014 0.06376813805621609
0 0.7714840939497696 0.5510215599563771 0.03708228971672523 0.06884062393851899
0 0.8521686532192341 0.744862117552335 0.05990220048899755 0.08260869565217396
0 0.7394954790210181 0.7463114039717473 0.03993482519770014 0.07101447063943611
0 0.6777595750082774 0.7343548822326169 0.03300733496332514 0.06159422501273774
0 0.7676128384342209 0.25029691674667087 0.03993482519770014 0.07753624294115148
0 0.6207098353851493 0.5582679588821583 0.0387122566950642 0.054347826086956486
0 0.6563658946689398 0.8419636110560715 0.035859795829194734 0.06811603048573368
0 0.6054083062183658 0.43605190183757025 0.04193781634128702 0.07197943444730079
0 0.5761241413593636 0.4739696396267733 0.04266088214027472 0.060411311053984576
0 0.5479245751988431 0.3724272231743311 0.02819956616052058 0.05784061696658098
0 0.5566013647866955 0.4174143697038941 0.03398409255242226 0.04241645244215941
0 0.5421400488069413 0.45340408692754447 0.02964569775849597 0.04241645244215936
0 0.4900793112798264 0.5716560149481101 0.04410701373825017 0.07583547557840616
0 0.4864639822848879 0.513815397981529 0.03398409255242226 0.06555269922879177
0 0.5099636207519884 0.48489508949823856 0.028922631959508335 0.04884318766066837
0 0.508517489154013 0.44247863705607926 0.03470715835140995 0.0616966580976864
0 0.5761241413593637 0.5318102565933542 0.036876355748373155 0.060411311053984576
0 0.8093128615328995 0.5131727244596782 0.04916847433116409 0.07969151670951162
0 0.7746057031814895 0.3441495882128916 0.033261026753434564 0.06298200514138817
0 0.8801733098336948 0.6886225959249738 0.05639913232104116 0.07583547557840616
0 0.6939838665943602 0.8010904622488813 0.04555314533622561 0.08740359897172235
0 0.5815471348517715 0.7374657835856422 0.03904555314533624 0.0784061696658098
0 0.9235572577729573 0.2683141126344854 0.04338394793926253 0.060411311053984576
0 0.9430800343456255 0.17576912548795584 0.052060737527114986 0.08611825192802056
0 0.990802377078814 0.15458098281443394 0.017353579175705035 0.0694489074550129
0 0.8519737436731742 0.2509619275445111 0.040491684743311634 0.059125964010282805
0 0.8132897234273317 0.23553776302008947 0.03398409255242226 0.05655526992287916
0 0.7999130061460593 0.2085454751023517 0.03904555314533624 0.03856041131105399
0 0.43223404736080984 0.501604601066362 0.0253073029645698 0.053984575835475564
0 0.39210389551699204 0.5253835213748453 0.026030368763557493 0.044987146529563
0 0.8263049078091107 0.9469773517090356 0.04555314533622561 0.09125964010282783
0 0.9647720083152567 0.9617789262591641 0.0694143167028199 0.07459029562982011
