0 0.6751108133802594 0.49160124798711763 0.0676447115200947 0.10652173913043483
0 0.6457709600795258 0.6042824295215946 0.06519972374503358 0.0855072021484375
0 0.5764963188886448 0.3702244474500082 0.06519964912992814 0.08550726849099867
0 0.3498045462762111 0.9392652694468248 0.06579898770788144 0.11953727506426733
0 0.2897900849602314 0.6224272231743311 0.048445408532176396 0.07712082262210798
0 0.24857533441793203 0.5710133414262591 0.04121475054229936 0.07969151670951162
0 0.20627598517715112 0.4829670689326859 0.05639913232104122 0.11696658097686373
0 0.15746904374548082 0.5285968889840997 0.05856832971800433 0.09254498714652955
0 0.10540830621836587 0.28309560363705605 0.05856832971800433 0.08997429305912595
0 0.139753931670282 0.09800562934399695 0.05206073752711497 0.08226221079691516
0 0.07757027295733912 0.05044778872703037 0.049168474331164135 0.08483290488431876
0 0.027317199927693422 0.1738411049224031 0.044107013738250184 0.09254498714652955
0 0.03852471981200289 0.09222156764733885 0.056399132321041205 0.09383033419023136
0 0.6571075108459871 0.3126585856421975 0.04699927693420101 0.08483290488431876
0 0.6104697668112797 0.2689567861563363 0.04193781634128702 0.077120822622108
0 0.642284661966739 0.36085909978101494 0.04916847433116409 0.06555269922879177
