0 0.7863577571455405 0.5531954729998554 0.05052979709466688 0.07318845002547558
1 0.35909612479983255 0.4397896648413126 0.05582720842804475 0.09710142716117529
1 0.48888426938480545 0.37239836049348646 0.04400977995110023 0.07536229672639265
1 0.25074453181489514 0.6249979172617347 0.052783803326102656 0.051413881748072016
0 0.317989651120752 0.9309305972103209 0.07592190889370934 0.1362869537275064
0 0.6158927603036877 0.9322159442540227 0.0976138828633406 0.10286793059125972
0 0.6751841558206796 0.8852806936113492 0.032537960954446866 0.06298200514138823
0 0.7261602946493132 0.8325814648195753 0.0723065798987708 0.08097686375321335
0 0.691814669197397 0.7541752951537656 0.04266088214027472 0.06812339331619542
0 0.8342586315979754 0.7046894339712464 0.052783803326102684 0.089974293059126
0 0.775690301879971 0.6507048581357707 0.04266088214027472 0.07712082262210798
0 0.8150973879248011 0.6282112848709893 0.04627621113521331 0.06812339331619542
0 0.8248587762111351 0.5311675830715034 0.04699927693420101 0.07969151670951162
0 0.7966592100506146 0.4675429044082643 0.041214750542299325 0.08354755784061699
0 0.7420677422270427 0.7760261948966961 0.03759942154736085 0.05269922879177374
0 0.8071436641359362 0.8666431614776731 0.04916847433116409 0.07712082262210798
0 0.9300648499638468 0.7471058864134056 0.0477223427331887 0.07455012853470433
0 0.8783656453362256 0.6719130843568505 0.0498915401301519 0.08097686375321335
0 0.8479968817787418 0.5877228529943825 0.04699927693420101 0.07455012853470433
0 0.8234126446131597 0.3409362206036371 0.03543022415039765 0.06426735218509
0 0.8765579808387562 0.1757691254879558 0.05639913232104116 0.10411311053984576
0 0.9062036785972524 0.12306989669618205 0.05495300072306577 0.07326478149100257
0 0.9080113430947215 0.28759431829001236 0.051337671728127296 0.08354755784061699
0 0.8711349873463485 0.31715730029515377 0.041214750542299325 0.0784061696658098
0 0.4094574746926971 0.5703706679044083 0.0361532899493854 0.07069408740359896
0 0.5193634761388286 0.6577742668761306 0.04483007953723786 0.09897172236503857
0 0.3252203091106291 0.6796251666190612 0.042660882140274775 0.09640102827763491
0 0.0808240690527838 0.08258146481957537 0.09472161966738973 0.14652956298200515
0 0.24098314352856107 0.28309560363705605 0.053506869125090346 0.08226221079691516
0 0.34221235538684014 0.23360974245453678 0.04338394793926247 0.09897172236503854
0 0.2825594269703543 0.19954804579643914 0.03976861894432394 0.0976863753213368
0 0.29232081525668835 0.8248693825573645 0.041937816341287085 0.09125964010282772
0 0.9770641268980477 0.9315531871846139 0.04483007953723792 0.10154241645244211
