0 0.6025762009251477 0.75247087954707 0.15403422982885082 0.28623192828634514
0 0.5693650921088657 0.4955867773476815 0.09820705870835879 0.1797101891559103
0 0.6459746966249299 0.22565924664434417 0.13162186676249235 0.23695655491041104
0 0.2207505789634748 0.25645634256507277 0.07986961308784765 0.12318845002547558
1 0.13517600683633546 0.28000705614566035 0.08638955561630883 0.1702898771866508
0 0.4043284172922397 0.5050070561456604 0.07701711491442544 0.18985509457795516
0 0.5052636930585683 0.3300107707321717 0.10484454085321768 0.22236503856041132
0 0.45103375813449026 0.3383655265162334 0.07592190889370934 0.1722365038560411
0 0.5291248644251627 0.0787455072360278 0.19305856832971802 0.15934286632390746
0 0.7984668745480838 0.04596915762163191 0.15762834417932037 0.09379016709511567
0 0.17988408351409976 0.12885395839284017 0.04699927693420101 0.06683804627249357
