0 0.21667558690252206 0.8162389844320055 0.10105948226667559 0.15869571851647418
0 0.3969934539670563 0.7691374909282691 0.05175229098219744 0.1253622967263927
0 0.35461364099429504 0.6365287952760953 0.05990220048899755 0.1253622967263927
0 0.2818752733400029 0.6861664985497026 0.05052975978711413 0.09710142716117524
0 0.2095443787765192 0.6339925523349438 0.04686224081696976 0.08260869565217396
0 0.26740908323504037 0.549934603434638 0.06153220477488924 0.09420285432235058
0 0.23827298513348746 0.38544183875435606 0.07171966627349483 0.11594205109969433
0 0.328737532810749 0.3343548822326169 0.06927467849843368 0.1471014271611753
0 0.26679783629127507 0.23036938604333362 0.054604714540514215 0.10434782608695657
0 0.3969934539670563 0.2897896814269528 0.05175229098219744 0.10869568534519364
