0 0.5739920206983606 0.6556158161371103 0.08821567124695685 0.18936749626608454
0 0.6665533561675454 0.7854418719256366 0.08801955990220046 0.18695652173913044
0 0.5640676061603823 0.8423259077824642 0.08272211126126981 0.17753627611243206
0 0.4727880749939512 0.6100795420279633 0.05990220048899755 0.11594205109969433
0 0.7223805645955901 0.6350795088566829 0.05297471025462255 0.13260869565217395
0 0.837294990023463 0.6803693860433336 0.06519964912992814 0.14202894127887233
0 0.6031874478689131 0.4966737338694206 0.06234718826405867 0.11086956521739127
0 0.18489076448050376 0.4339925523349437 0.061124694376528114 0.10869565217391308
0 0.16777583140129954 0.5582679257108779 0.06927464119088095 0.1253622967263927
0 0.11113362083030894 0.6589925855062242 0.08394460514880044 0.11811596414317257
0 0.2879877427776557 0.556818672462746 0.05460471454051419 0.094927514117697
0 0.18753948880096907 0.6836302556085511 0.06886713079251985 0.10217391304347824
0 0.11643110677879227 0.3839925855062242 0.07334963325183375 0.12318838368291442
0 0.491548132183908 0.8910011574074075 0.09034482758620684 0.1789215686274509
0 0.5229274425287356 0.5797266476034859 0.04827586206896554 0.12009803921568632
0 0.49430675287356324 0.7267854711328976 0.07241379310344828 0.13725490196078433
0 0.3774102011494253 0.5441874319172114 0.057931034482758645 0.1348039215686275
0 0.29361709770114947 0.648354098583878 0.061379310344827596 0.08088235294117649
0 0.22878951149425286 0.5031335103485839 0.04758620689655171 0.09681372549019608
0 0.2443067528735632 0.7096286083877996 0.06344827586206897 0.08333333333333334
0 0.43016882183908045 0.5840158632897604 0.04758620689655171 0.12377450980392153
0 0.6563757183908046 0.6017854711328977 0.06413793103448277 0.11764705882352947
0 0.7546515804597701 0.7770305691721134 0.0703448275862069 0.12254901960784316
0 0.7787895114942529 0.6575452750544661 0.035862068965517226 0.08455882352941181
0 0.6429274425287356 0.935118804466231 0.10206896551724137 0.12254901960784305
0 0.34258261494252873 0.594432529956427 0.04482758620689656 0.107843137254902
0 0.2356860632183908 0.6023982162309368 0.05862068965517242 0.09191176470588235
0 0.7443067528735632 0.5478639025054466 0.04965517241379314 0.12009803921568632
0 0.5056860632183908 0.44921194172113293 0.04551724137931033 0.08946078431372545
0 0.268444683908046 0.45595213779956434 0.042758620689655184 0.07598039215686281
0 0.06361709770114943 0.5613442946623094 0.07586206896551723 0.11764705882352947
0 0.2663757183908046 0.3389178240740741 0.051034482758620686 0.09681372549019608
0 0.2867205459770114 0.43144233387799563 0.05172413793103446 0.071078431372549
0 0.234996408045977 0.37690802015250546 0.04482758620689656 0.08210784313725492
0 0.5436170977011494 0.47065802015250546 0.04827586206896554 0.1225490196078431
0 0.6818929597701149 0.48475115740740743 0.08620689655172407 0.14583333333333334
0 0.11327227011494254 0.48976800789760344 0.07310344827586208 0.10638786764705872
0 0.8156860632183907 0.9265403730936819 0.04758620689655177 0.10784313725490188
0 0.09534123563218391 0.24700605936819175 0.07448275862068965 0.11151960784313726
0 0.6122377873563217 0.3965158632897604 0.06551724137931032 0.08210784313725492
0 0.7360308908045977 0.9352336941721133 0.09517241379310341 0.12768075980392163
0 0.5569628976861895 0.37499791726173476 0.05784526391901667 0.08097686375321335
0 0.8501660791757049 0.7953064005522231 0.07158351409978311 0.09383033419023137
0 0.7984668745480838 0.5774400766447683 0.0766449746926971 0.10282776349614393
0 0.8024437364425163 0.4791110278015805 0.06435285610990604 0.109254498714653
0 0.8375124276934202 0.5131727244596782 0.04483007953723792 0.08740359897172241
0 0.4528414226319595 0.4643295367990098 0.05350686912509038 0.07712082262210798
0 0.4611566793203181 0.4148436756164905 0.051337671728127234 0.07583547557840616
0 0.6874762744034707 0.3904220817861564 0.060014461315979754 0.0784061696658098
0 0.7554444595083152 0.4161290226601923 0.0730296456977585 0.09897172236503857
0 0.20121452458423716 0.7805249095496525 0.06652205350686913 0.08740359897172235
0 0.22254496565437454 0.2541752951537656 0.05133767172812726 0.09383033419023137
0 0.18024561641359363 0.3120159121203466 0.0650759219088937 0.11439588688946013
0 0.1994068600867679 0.1712704108349995 0.07158351409978309 0.11053984575835475
0 0.1466230567606652 0.10893107921546225 0.058568329718004346 0.09897172236503857
0 0.1036006417208966 0.05751719746739027 0.0650759219088937 0.09897172236503857
0 0.05262450289226319 0.3319387912977244 0.05422993492407809 0.09511568123393314
0 0.04756304229934924 0.4476200252308864 0.061460592913955156 0.11311053984575836
0 0.054432167389732465 0.7303963748452822 0.04627621113521331 0.0951156812339332
0 0.08624706254519161 0.7830956036370561 0.06652205350686913 0.08226221079691516
0 0.10576983911785973 0.13528069361134915 0.05929139551699206 0.07969151670951158
0 0.8064205983369486 0.7920930329429687 0.04916847433116409 0.11311053984575832
