0 0.5628451122728517 0.6600795420279636 0.0664221430174587 0.11159422501273784
0 0.7429592241382056 0.167688221094497 0.04686231543207514 0.09202897445015287
0 0.5188353696293042 0.9401519947389859 0.04767726161369191 0.06159415867017673
0 0.3138638696149781 0.8470360305958132 0.04523227383863079 0.08260869565217396
0 0.20689565445605387 0.819862117552335 0.04156479217603912 0.08043478260869572
0 0.15840339069941614 0.9060940458386801 0.06927464119088095 0.07318831734035325
0 0.7382729851334875 0.7039200996239213 0.04808473470450032 0.094927514117697
0 0.715045601270407 0.5473983604934864 0.05215976407300585 0.094927514117697
0 0.7200142353579176 0.636566040655051 0.044107013738250225 0.0668380462724936
0 0.8237741775126537 0.5703706679044083 0.03470715835140995 0.05526992287917738
0 0.8469122830802602 0.15006218461391982 0.040491684743311634 0.07069408740359896
0 0.9127112707881418 0.10121899695325146 0.04483007953723792 0.07583547557840617
0 0.9318725144613159 0.03375836070646482 0.04555314533622561 0.06936857326478149
0 0.9756179953000722 0.02925964605350852 0.040491684743311634 0.06037114395886889
0 0.783282492769342 0.10571771160620774 0.04916847433116409 0.07455012853470437
0 0.26339818329718 0.5870801794725317 0.05784526391901664 0.07069408740359896
0 0.27894409797541575 0.46497221032086067 0.03109182935647142 0.08354755784061695
0 0.23447555133767173 0.5324529301152051 0.05639913232104122 0.08226221079691516
0 0.15819210954446858 0.2953064005522232 0.054229934924078106 0.09897172236503857
0 0.17120729392624726 0.18669457535942108 0.038322487346348515 0.06426735218508997
0 0.26086745300072306 0.2548179686756165 0.041214750542299325 0.07712082262210798
0 0.2648443148951555 0.39042208178615634 0.04772234273318873 0.09125964010282778
0 0.21748350506146055 0.36342979386841856 0.04121475054229936 0.06555269922879177
0 0.21206051156905278 0.27859688898409973 0.033261026753434564 0.08354755784061695
0 0.3794502440347072 0.10893107921546225 0.041214750542299325 0.07583547557840617
0 0.4137958694866233 0.051733135770732165 0.041937816341287085 0.07197943444730076
0 0.3707734544468547 0.04020517947253165 0.03832248734634855 0.08226221079691515
0 0.32666644070860446 0.06587195325145195 0.0368763557483731 0.08740359897172235
0 0.4506722252349964 0.06908532086070647 0.04338394793926247 0.07583547557840616
0 0.5005637653651482 0.1834812077501666 0.04338394793926247 0.07326478149100256
0 0.5797394703543022 0.251604601066362 0.04266088214027472 0.07326478149100259
0 0.6665073662328271 0.5292395625059507 0.04266088214027472 0.07326478149100261
0 0.5327401934201011 0.16741436970389414 0.03687635574837304 0.05655526992287918
0 0.5045406272595806 0.11600048795582216 0.032537960954446866 0.06426735218508998
0 0.5240634038322487 0.06008789155479387 0.032537960954446866 0.05526992287917738
0 0.49188697577729573 0.02990231957535942 0.031814895155459176 0.06165649100257069
0 0.5417785159074475 0.10186167047510236 0.039045553145336184 0.05655526992287918
