0 0.7694465792655167 0.8419635778847909 0.13162186676249235 0.2057970793350883
0 0.29267396312859745 0.7738476469128989 0.1014669926650367 0.16811589780061145
0 0.5305709960231381 0.5330956036370561 0.07881417208966011 0.09640102827763491
0 0.805697532537961 0.6204992026087784 0.07809110629067248 0.08097686375321335
0 0.9647720083152567 0.8743552437398838 0.0694143167028199 0.22622107969151672
0 0.30533599963846714 0.3043038298581358 0.060737527114967445 0.10411311053984576
0 0.3089513286334057 0.23103904836713318 0.041937816341287085 0.05784061696658096
0 0.3042514009399855 0.11857118204322574 0.04699927693420101 0.08483290488431876
0 0.2127835773680405 0.15713159335427973 0.04483007953723789 0.07712082262210798
0 0.24604460412147505 0.19119329001237742 0.043383947939262445 0.07583547557840616
0 0.22796795914678236 0.3177999738170047 0.04627621113521331 0.09768637532133674
0 0.15638444504699928 0.2278256807578787 0.06362979031091828 0.12596401028277637
0 0.1994068600867679 0.08450948538512805 0.06435285610990601 0.08354755784061696
0 0.2724365057845264 0.07744007664476817 0.052783803326102684 0.08226221079691516
