0 0.4192322907624421 0.7325810631348607 0.09794236171392748 0.18421052631578946
0 0.10235983766155476 0.7457389244094461 0.11934158890335647 0.18128652739943113
0 0.7848701382860724 0.6963968191462884 0.11152268397955242 0.1790935449432908
0 0.6087384636019482 0.8747594145538745 0.11399174442997678 0.22441522698653366
0 0.33075489938994984 0.4551687824331064 0.06584359628182869 0.10745614035087717
0 0.5894171404778314 0.6517624931917211 0.10199862164024817 0.1973039215686275
0 0.6755646249712841 0.5488213167211328 0.09097174362508617 0.18995098039215685
0 0.42952740925798305 0.4863213167211328 0.10062026188835288 0.17769607843137253
0 0.3826631776935447 0.608870336328976 0.05926946933149549 0.10906862745098037
0 0.4801821301401333 0.6260271990740741 0.0640937284631289 0.15808823529411767
0 0.49878998679071906 0.8839928853485838 0.10130944176430053 0.22303921568627452
0 0.7300098351711464 0.8711252382897603 0.15161957270847695 0.25122549019607837
0 0.7779078365495062 0.5298262186819171 0.09579600275671953 0.1691176470588235
0 0.3830077676315185 0.3478409245642702 0.07236388697450036 0.13357843137254902
1 0.43779756776935447 0.22896837554466232 0.10475534114403857 0.2022058823529412
0 0.6510987393751435 0.3772526892701525 0.08201240523776707 0.13602941176470584
0 0.5821807517803814 0.49796347358387794 0.0792556857339766 0.09558823529411761
0 0.5697755140133242 0.36132131672113293 0.07512060647829083 0.14338235294117643
0 0.13686166847433115 0.5504477887270304 0.11569052783803326 0.13110539845758354
1 0.05009377259580621 0.3454349352565933 0.1012292118582791 0.1606683804627249
0 0.03165559472161967 0.6622729815290869 0.06290672451193058 0.14910025706940877
0 0.9022268167028199 0.7034040869275445 0.15112075198843097 0.23136246786632392
0 0.29087468365871294 0.32936809721032084 0.09833694866232827 0.1748071979434447
0 0.5161096800433839 0.4842524159763876 0.0961677512653651 0.14267352185089974
0 0.49261004157628335 0.34609769232600207 0.08966015907447572 0.1387773136246786
0 0.582631733550253 0.2046894339712463 0.11496746203904552 0.14910025706940874
1 0.3523352765726681 0.12564059078358564 0.06796818510484452 0.15809768637532132
0 0.2464061370209689 0.24839123345710748 0.06146059291395514 0.12082262210796915
0 0.5298479302241504 0.6712704108349996 0.054229934924078134 0.1799485861182519
0 0.7348370842371655 0.4032755522231743 0.08821402747650034 0.12982005141388173
0 0.7033837219812002 0.22075627201751885 0.10773680404916845 0.17609254498714658
0 0.7778594992769342 0.13463802008949824 0.07881417208966018 0.09640102827763496
0 0.6972376626898048 0.13335267304579643 0.06507592190889373 0.10668380462724936
0 0.842001565012635 0.878478179466231 0.10820124052377669 0.18259803921568632
0 0.9508919854123592 0.9103409245642702 0.0971743625086147 0.1556372549019607
1 0.16832823627383414 0.36683602260348586 0.0978635423845624 0.1519607843137255
1 0.22001672696990585 0.4973507284858388 0.1226740179186768 0.21446078431372545
1 0.27584029692166323 0.5984536696623094 0.08959338387319091 0.125
0 0.3354543561911325 0.7007821010348584 0.05720192970365267 0.1384803921568628
