0 0.7128537024980709 0.6847009238676254 0.07777777777777774 0.14985375655324837
0 0.8721129240813077 0.7815576601679096 0.08436211480034726 0.13888891119705998
0 0.9607961018880208 0.6108705033568146 0.07654328522858797 0.1220760010836417
0 0.7035944432388116 0.4211775209006743 0.06172839506172837 0.12426898353978208
0 0.9017425913869597 0.48513952035885344 0.06049382716049377 0.06652042321991498
0 0.43939687469859173 0.5333851343939412 0.036213966652199045 0.081140350877193
0 0.3723187105155285 0.261089818333557 0.025514428409529326 0.05263161240962512
0 0.6457754629629628 0.6452272396570989 0.045679012345679004 0.09576027853447097
0 0.7747878086419753 0.3849933103743584 0.05925925925925928 0.10014617652223819
0 0.686104706187307 0.5487360115869236 0.07530864197530865 0.1118421052631579
0 0.7861047061873071 0.7537798712360463 0.049794288917824045 0.11695901971114303
0 0.8299318666811342 0.39924769633927076 0.05102885681905865 0.07163740459241363
0 0.6675919649313087 0.08643750595068075 0.03470715835140995 0.05398457583547558
0 0.731221755242227 0.27795421546224885 0.04338394793926241 0.04884318766066837
0 0.6473461225596528 0.4142010020946396 0.052060737527114986 0.08483290488431876
0 0.7402600777295734 0.9354092283157194 0.06435285610990604 0.10411311053984576
0 0.7626751174981924 0.8582884056936113 0.048445408532176396 0.08611825192802053
0 0.820520381417209 0.886566040655051 0.04699927693420101 0.09383033419023137
0 0.8479968817787418 0.6442781229172618 0.048445408532176396 0.08226221079691516
0 0.8320894342010123 0.559445218032943 0.04699927693420101 0.0668380462724936
0 0.7825594269703544 0.6134297938684186 0.060737527114967445 0.08483290488431872
0 0.7637597161966738 0.5228128272874417 0.06218365871294284 0.06812339331619542
0 0.8971653561099059 0.35764573217176043 0.04266088214027472 0.07197943444730079
0 0.8375124276934202 0.27217015376559084 0.04483007953723792 0.07326478149100256
0 0.7395370119305856 0.3447922617347425 0.055676066522053466 0.0668380462724936
0 0.7825594269703542 0.12049920260877843 0.04193781634128702 0.06298200514138816
0 0.830281769703543 0.10507503808435685 0.030368763557483785 0.060411311053984576
0 0.8472738159797542 0.2291110278015805 0.03832248734634855 0.04370179948586118
0 0.889934698120029 0.28759431829001236 0.03976861894432394 0.06298200514138817
0 0.9513952910339841 0.7798822360278017 0.06579898770788144 0.10925449871465295
0 0.13352465253847923 0.6523177934368192 0.23638869745003446 0.6935125612745099
0 0.8988589047783139 0.9409207346132897 0.07718814610613371 0.11630667892156865
0 0.9705336118768666 0.9256595520152505 0.057891109579600315 0.12254901960784316
0 0.4122979123592925 0.27002229711328973 0.045485871812543086 0.07843137254901962
