0 0.07853377761156848 0.4539200996239213 0.04808477201205302 0.12101447063943617
0 0.26740908323504037 0.6444998208259424 0.05093723287792254 0.08043478260869572
0 0.6924294643510914 0.7191374909282692 0.04360230686029188 0.08768118153447696
0 0.2107127986446129 0.5292134735838779 0.06685044796691937 0.09191176470588235
0 0.17866593441304848 0.4428164147603486 0.05237767057201929 0.09313725490196077
0 0.2134695181484034 0.38521837554466226 0.05031013094417644 0.07598039215686275
0 0.2682593182862394 0.45813504221132895 0.04410751206064782 0.08700980392156861
0 0.3202923989202849 0.4360762186819172 0.04755341144038597 0.09436274509803919
0 0.29272520388238 0.37357621868191726 0.03239145416953827 0.07230392156862743
0 0.14730825005743164 0.30188504221132895 0.03928325292901449 0.07352941176470591
0 0.22105049678382727 0.3055615127995643 0.042039972432804974 0.08333333333333334
0 0.02842472145646681 0.36070857162309367 0.04272915230875259 0.125
0 0.10664663737652193 0.25041445397603485 0.055823569951757405 0.071078431372549
0 0.1783213444750747 0.2522526892701525 0.04479669193659547 0.06985294117647056
0 0.18452396335860327 0.19342915985838782 0.046175051688490704 0.06495098039215687
0 0.23552327417872732 0.22590465005446625 0.03790489317711924 0.07598039215686272
0 0.349237953710085 0.3484536696623094 0.043418332184700204 0.07598039215686275
0 0.4005818544681829 0.44771837554466226 0.03445899379738109 0.07352941176470591
0 0.43986510739719736 0.46426249319172114 0.03721571330117162 0.08210784313725492
0 0.3196032190443373 0.25654190495642704 0.03376981392143351 0.06862745098039216
0 0.3612986015391684 0.20078210103485838 0.03170227429359063 0.0625
0 0.3657782707328279 0.2540909245642701 0.03101309441764298 0.0514705882352941
0 0.32098157879623246 0.20752229711328976 0.039283252929014446 0.071078431372549
0 0.2785970164254537 0.23019386574074074 0.031702274293590654 0.07475490196078433
0 0.27825242648747994 0.162791904956427 0.03239145416953827 0.05269607843137255
0 0.23827999368251784 0.17504680691721133 0.03376981392143348 0.05514705882352942
0 0.40299398403399955 0.3447771990740741 0.028256374913852512 0.06372549019607843
0 0.3771497386859637 0.3061742578976035 0.03308063404548586 0.0625
0 0.3902441563289686 0.23815955201525058 0.03170227429359063 0.06372549019607843
0 0.7524081811394441 0.5102183755446623 0.04479669193659544 0.09558823529411761
0 0.7613675195267632 0.09538994417211329 0.0392832529290145 0.09681372549019608
0 0.661436437514358 0.2853409245642701 0.03101309441764298 0.040441176470588244
0 0.6007886084309673 0.39869876770152507 0.029634734665747803 0.049019607843137254
0 0.6349030122903744 0.32455661083877996 0.02618883528600963 0.050245098039215674
