0 0.6418997045639773 0.6883403784219002 0.06234718826405867 0.12608695652173912
0 0.5341165059158834 0.5521085164781162 0.059494727398189146 0.10869565217391308
0 0.5214840566422168 0.7238476469128988 0.05867970660146694 0.10144931959069295
0 0.6225435762164452 0.880007089316941 0.07171959165838934 0.13985516092051622
0 0.40575468503272727 0.8597172121302902 0.061124694376528114 0.11376807171365487
0 0.6710358213193065 0.43036938604333363 0.057049739623128086 0.10144931959069295
0 0.6107261477395006 0.46587662136305175 0.05052972247956144 0.10144925324813178
0 0.4670830786471068 0.5687751942018765 0.04523227383863079 0.0753622967263927
0 0.47814872559652927 0.4791110278015805 0.040491684743311634 0.08868894601542412
0 0.5757626084598698 0.40327555222317435 0.05639913232104116 0.09383033419023137
0 0.7210988340563991 0.3377228529943826 0.07519884309472158 0.10668380462724936
0 0.7160373734634853 0.5401650123774161 0.08676789587852494 0.13881748071979438
0 0.7366447487346349 0.68605190183757 0.099060014461316 0.15038560411311047
0 0.7717134399855387 0.8370801794725317 0.07519884309472158 0.1233933161953727
0 0.7174835050614606 0.9058462463105779 0.06652205350686913 0.14010282776349609
0 0.5403323843094722 0.9212704108349996 0.07375271149674614 0.13239074550128535
0 0.4481414949385394 0.9592082321717604 0.07736804049168473 0.0797316838046273
0 0.45898748192335503 0.6886225959249739 0.051337671728127234 0.10154241645244211
0 0.632523273680405 0.572298688469961 0.08026030368763556 0.1233933161953728
0 0.5714242136659436 0.33579483242882985 0.05495300072306577 0.07197943444730079
0 0.5255095354302242 0.36214444682471675 0.041214750542299325 0.08868894601542418
0 0.42211112617498187 0.5420930329429687 0.03832248734634849 0.06812339331619542
