0 0.7537579325805764 0.28580416865202923 0.054604751848066964 0.1253623630689538
0 0.7376617381897221 0.4589925523349437 0.06805218461090318 0.15869565217391307
0 0.7596666281652723 0.1379780651098672 0.05338225796053635 0.14710146033245586
0 0.6384359967543425 0.11225343848580134 0.06927460388332823 0.0898550614066746
0 0.5514351568867156 0.04920996022493176 0.057457212713936494 0.09710146033245586
0 0.8085897957339118 0.3100878915547938 0.07953723788864787 0.14652956298200517
0 0.8295587039045553 0.15070485813577075 0.08966015907447585 0.17994858611825193
0 0.807866729934924 0.04149052651623346 0.07953723788864787 0.08483290488431876
0 0.7008529916847432 0.028616972531657618 0.07809110629067248 0.05908579691516709
0 0.49514077187274036 0.15905961391983245 0.04844540853217646 0.08868894601542418
0 0.5153866142443961 0.08129611777587356 0.039768618944323875 0.07969151670951158
0 0.7565290582067968 0.6821958607064649 0.036153289949385346 0.08354755784061699
0 0.7301371565437456 0.8222986884699609 0.03832248734634855 0.06812339331619542
0 0.6943453994938539 0.8660004879558221 0.04916847433116409 0.08611825192802053
0 0.6751841558206796 0.7965917475959251 0.04555314533622561 0.06812339331619542
0 0.6607228398409255 0.6789824930972104 0.02819956616052058 0.0616966580976864
0 0.6234849511930586 0.9656349673902694 0.040491684743311634 0.06687821336760928
0 0.513578949746927 0.9521187398838428 0.03759942154736079 0.06298200514138823
0 0.5862470625451914 0.155203572788727 0.03543022415039765 0.060411311053984576
