0 0.44507822597910934 0.18290561239884479 0.06805218461090311 0.09927537337593412
0 0.6331385481134119 0.4220360305958133 0.058679706601467055 0.12826086956521743
0 0.5400252388081322 0.4339925523349437 0.05338218334543097 0.1043478260869566
0 0.5300415511624834 0.258630255608551 0.05460475184806691 0.10869565217391305
0 0.7041067877801879 0.5009619275445111 0.07447577729573389 0.14010282776349614
0 0.6354155368763557 0.5478770946396267 0.05712219812002897 0.11311053984575832
0 0.5822702006507593 0.5215274802437398 0.0477223427331887 0.11696658097686373
0 0.4868255151843818 0.3248693825573645 0.06362979031091828 0.09640102827763497
0 0.41741119848156183 0.3627871203465677 0.05784526391901661 0.08997429305912595
0 0.473810330802603 0.418057043225745 0.05495300072306577 0.09254498714652955
