0 0.36017878026138117 0.5034143630059374 0.10905354817708333 0.18347950985557157
0 0.25750385802469133 0.47563660753633075 0.09135802469135801 0.1673976831268846
0 0.6636170977011494 0.3334031181917211 0.09379310344827588 0.14705882352941177
0 0.8222377873563218 0.28805998093681917 0.16827586206896553 0.27941176470588236
0 0.6294791666666666 0.16183449074074074 0.05310344827586206 0.09803921568627451
0 0.7087895114942528 0.16060900054466232 0.07931034482758624 0.13970588235294118
0 0.6845840112075199 0.7651007450252308 0.12942877801879965 0.2185089974293059
0 0.08588552964569776 0.4836097424545368 0.11352133044107013 0.12082262210796921
1 0.20121452458423716 0.33258146481957535 0.09689081706435285 0.14267352185089974
0 0.34365848698481566 0.34993364990954967 0.1099060014461316 0.14138817480719792
0 0.5848009309472161 0.06332134271160621 0.10050614605929138 0.12849453727506427
0 0.47995639009399854 0.12242722317433113 0.08893709327548809 0.11568123393316194
0 0.5522629699927694 0.26445807150338 0.11207519884309468 0.21979434447300775
0 0.7456830712219812 0.04339846353422832 0.170643528561099 0.08864877892030848
0 0.8783656453362255 0.0819588748452823 0.13955169920462762 0.16576960154241643
1 0.0808023920284861 0.35580661083878 0.15299793246037216 0.2647058823529412
