0 0.11643108812501592 0.9208132045088568 0.0839445678412477 0.09565217391304331
0 0.3992347051967133 0.9060940458386801 0.07171966627349478 0.10652173913043474
0 0.635379762035516 0.6992099436392917 0.030562347188264026 0.05652173913043484
0 0.5273171999276934 0.9321958607064648 0.05350686912509038 0.07969151670951152
0 0.31835118402024587 0.89299277587356 0.05495300072306583 0.09383033419023137
0 0.23953701193058569 0.9579228851280587 0.06507592190889373 0.08230237789203085
0 0.16903809652928417 0.9656148838427115 0.04266088214027475 0.051413881748072016
0 0.5182788774403471 0.5677999738170045 0.02964569775849603 0.06298200514138812
0 0.6166158261026754 0.6339953465676473 0.03543022415039765 0.053984575835475564
0 0.6538537147505423 0.6339953465676473 0.031814895155459176 0.053984575835475564
0 0.6621689714389009 0.680910513662763 0.02819956616052058 0.050128534704370196
0 0.6661458333333333 0.7303963748452822 0.033261026753434564 0.05912596401028276
0 0.8223280459146783 0.9649922938684187 0.05929139551699206 0.06816356041131111
0 0.8042514009399855 0.8987768375702181 0.04338394793926253 0.0668380462724936
0 0.5837163322487346 0.5420930329429686 0.024584237165582105 0.05784061696658093
0 0.5674473517715112 0.5234555008092926 0.032537960954446866 0.04627249357326483
0 0.5721472794649313 0.47654033371417687 0.03904555314533624 0.05784061696658093
0 0.3581198029645698 0.5382369918118632 0.03759942154736079 0.03984575835475581
0 0.2847286243673174 0.3627871203465677 0.03976861894432391 0.046272493573264774
0 0.28364402566883584 0.2985197681614776 0.03470715835140995 0.05655526992287916
0 0.27424417028199566 0.26510074502523084 0.026030368763557465 0.05141388174807197
0 0.2605059201012292 0.24003647767304578 0.026030368763557465 0.044987146529562975
0 0.3158204537237888 0.2740981743311435 0.02964569775849603 0.05655526992287916
0 0.3291971710050614 0.2509619275445111 0.024584237165582046 0.04370179948586118
0 0.34799688177874183 0.2882369918118633 0.021691973969631264 0.04884318766066837
0 0.09768729898920286 0.8478409245642702 0.05995864920744315 0.05759803921568631
0 0.1921049419940271 0.1811742578976035 0.03101309441764301 0.047794117647058834
0 0.1700511859637032 0.145635042211329 0.028256374913852512 0.0502450980392157
0 0.11560597576384103 0.13644386574074074 0.03101309441764301 0.044117647058823525
0 0.10216696818286239 0.10151739515250545 0.026188835286009644 0.045343137254901945
0 0.24413802262807263 0.1744340618191721 0.03445899379738113 0.05147058823529412
0 0.2182937772800368 0.1076448461328976 0.03101309441764301 0.04534313725490196
0 0.19830756087755574 0.12847817946623094 0.03101309441764301 0.040441176470588244
0 0.3843861273834137 0.06168896377995643 0.025499655410062043 0.03676470588235295
0 0.4801821301401333 0.06352719907407407 0.019986216402481046 0.02818627450980392
0 0.5432420887893408 0.05311053240740741 0.02756719503790492 0.046568627450980386
0 0.2710160377900299 0.09416445397603487 0.028945554789800126 0.035539215686274515
0 0.1417948110498507 0.11989974809368191 0.02963473466574776 0.0625
