0 0.49825671008668887 0.47638388985405034 0.12876933128151744 0.19927534020465354
0 0.8707098353851492 0.15681865587710567 0.1320293398533007 0.22681158314580507
0 0.7144343543266415 0.6941374909282692 0.12265686184386458 0.22753620976987096
0 0.8619486416270312 0.6988476469128989 0.11450695233706452 0.19347826086956527
0 0.7217693176518248 0.4361664985497026 0.1128769107436201 0.13768118153447692
0 0.5846462657029976 0.7850795420279634 0.12632441812156175 0.2485507467518682
0 0.6074102011494253 0.32666292211328973 0.11655172413793101 0.21200980392156862
0 0.7184446839080461 0.23904037309368192 0.10689655172413796 0.1568627450980392
0 0.7073605838756326 0.10571771160620776 0.09255242227042662 0.14395886889460155
0 0.5970930495300072 0.2053321074930972 0.08749096167751264 0.13239074550128532
0 0.7529137292118582 0.04339846353422832 0.08676789587852494 0.08864877892030848
