0 0.733030303683216 0.4420865712798413 0.058570097605043496 0.15337717950150884
0 0.7523317021476416 0.11442733494363931 0.05990220048899755 0.15652173913043482
0 0.798175185622485 0.29305053440652995 0.08231456355535609 0.14420292066491167
0 0.6339535316025812 0.08471721213029013 0.06764463690498926 0.0782608695652174
0 0.7377293474331164 0.2689567861563363 0.04483007953723792 0.11311053984575835
0 0.823051111713666 0.14235010235170906 0.07519884309472158 0.15809768637532132
0 0.5370785882140275 0.023475584356850425 0.04410701373825017 0.0488030205655527
0 0.5041790943600868 0.05880254451109207 0.03904555314533624 0.07069408740359898
0 0.48574091648590023 0.11021642625916404 0.03832248734634855 0.07840616966580977
0 0.7214603669558931 0.7683141126344853 0.03543022415039765 0.06298200514138812
0 0.6860301428054953 0.8184426473388555 0.04266088214027472 0.07069408740359896
0 0.669399629428778 0.7503192540226602 0.03976861894432394 0.06555269922879177
0 0.6202311550976138 0.9219130843568504 0.04699927693420101 0.07197943444730079
0 0.5121328181489515 0.8955634699609635 0.033261026753434564 0.044987146529563
0 0.6950684652928416 0.024138341426259164 0.08532176428054955 0.05012853470437018
0 0.8002745390455531 0.03313577073217176 0.06579898770788144 0.06812339331619538
0 0.7503829989154012 0.6417074288298582 0.04266088214027472 0.06940874035989714
