0 0.5355427363488183 0.6647896980125932 0.06234718826405873 0.10652173913043483
0 0.4896992528739749 0.946311437143028 0.05052972247956144 0.07391304347826078
0 0.2833015037729377 0.8637027414908541 0.053382220652983654 0.08260869565217396
0 0.1710358213193065 0.841238951260725 0.04645476772616138 0.07101453698199733
0 0.7117856300061762 0.7129780816955076 0.05867970660146694 0.08985502823539399
0 0.8187538451651003 0.14739836049348645 0.04115724447012532 0.07608695652173914
0 0.7189168567859554 0.16080416865202926 0.05175221636709194 0.07826086956521743
0 0.6905957608273482 0.5593548822326169 0.06112469437652817 0.08550726849099861
0 0.2706288412870571 0.7818102565933542 0.037599421547360824 0.0668380462724936
0 0.23230635394070862 0.578082750166619 0.0549530007230658 0.09383033419023137
0 0.19506846529284166 0.5253835213748453 0.06146059291395517 0.10411311053984576
0 0.24496000542299348 0.469470924973817 0.04410701373825017 0.06683804627249354
0 0.22905255784526393 0.38656604065505096 0.04266088214027475 0.07583547557840616
0 0.47634106109906 0.17255575787870134 0.041214750542299325 0.07969151670951158
0 0.555516766088214 0.2509619275445111 0.040491684743311634 0.06683804627249357
0 0.6408385303687635 0.5240981743311434 0.040491684743311634 0.07583547557840616
0 0.7615905187997107 0.11278712034656764 0.0477223427331887 0.07326478149100256
0 0.8837886388286333 0.11214444682471673 0.04483007953723792 0.07969151670951156
0 0.9029498825018076 0.041450359421117786 0.044107013738250225 0.07712082262210798
0 0.9459722975415763 0.03311568718461392 0.0506146059291396 0.06808322622107969
0 0.9781487255965293 0.09029354708178616 0.04266088214027472 0.07712082262210798
0 0.9839332519884308 0.3486483028658478 0.03109182935647148 0.09768637532133674
0 0.5114097523499639 0.16098763448538514 0.03904555314533624 0.06683804627249357
0 0.42789565256688356 0.06394393268589928 0.03109182935647142 0.06812339331619537
0 0.3881270336225596 0.04337837998667048 0.041214750542299325 0.08354755784061696
0 0.3523352765726681 0.09543493525659334 0.04338394793926247 0.06940874035989716
0 0.29629767715112076 0.04466372703037228 0.048445408532176396 0.07840616966580978
0 0.4803179229934924 0.08900820003808435 0.03904555314533624 0.06683804627249357
0 0.493694640274765 0.04851976816147767 0.03832248734634855 0.060411311053984576
0 0.11625429320318148 0.28887966533371423 0.052783803326102684 0.09125964010282778
0 0.13143867498192335 0.16805704322574505 0.04699927693420101 0.07069408740359899
0 0.2283294920462762 0.24967658050080932 0.03976861894432394 0.10796915167095116
0 0.20989131417208964 0.3203706679044082 0.04483007953723789 0.07455012853470439
0 0.18747627440347073 0.17833981957535944 0.04338394793926247 0.07069408740359899
0 0.0634704898770788 0.17127041083499953 0.064352856109906 0.07969151670951158
0 0.14409232646420825 0.5093166833285728 0.05061460592913956 0.09768637532133674
0 0.11408509580621837 0.9276971460535084 0.07592190889370934 0.09640102827763491
0 0.696514596890817 0.6391367347424542 0.04916847433116409 0.07969151670951152
0 0.7966592100506146 0.5793680972103209 0.041214750542299325 0.060411311053984576
0 0.6950684652928416 0.4354092283157193 0.03759942154736085 0.08354755784061699
