0 0.5208728470060042 0.6194998208259423 0.0411573190852307 0.09710149350373645
0 0.6551434007814092 0.8209491404166354 0.05215976407300585 0.09275366741677987
0 0.6465859435686953 0.48000708931694097 0.05052972247956144 0.054347826086956486
0 0.08912873085475882 0.5546447594192677 0.06112469437652812 0.11376813805621609
0 0.7172600074661155 0.5451448461328975 0.06271536871123366 0.06985294117647053
0 0.777907836549506 0.4526203363289761 0.05444521019986214 0.1004901960784314
0 0.3399340253847921 0.5108311206427015 0.04686423156443832 0.07475490196078433
0 0.1386935016080864 0.6480860226034859 0.046864231564438336 0.09926470588235298
0 0.17142954571559843 0.6100958265250545 0.06685044796691937 0.09436274509803919
0 0.023255872386859635 0.6695321010348584 0.044796691936595454 0.13970588235294118
0 0.9622634533654951 0.381541904956427 0.07443142660234324 0.1495098039215686
