0 0.40697717892025775 0.44703606376709387 0.03178484107579464 0.059420311969259544
0 0.2879877241238794 0.6376157517978343 0.04645476772616138 0.07101447063943611
0 0.39638220702329113 0.7321809691891387 0.03748976280753365 0.06159422501273774
0 0.3711173457835104 0.5473983604934864 0.039934825197700204 0.047101427161175234
0 0.3106038796969712 0.49449982082594235 0.03871229400261692 0.06884062393851904
0 0.34707494112370746 0.8068187056340267 0.039934825197700204 0.06884062393851899
0 0.40514343808896197 0.6539201327952019 0.05990220048899755 0.0847826086956522
0 0.4236845456397718 0.540514324636659 0.04400977995110023 0.07101447063943611
0 0.3126413757274476 0.731818672462746 0.04278728606356967 0.07101447063943611
0 0.556732642835199 0.32638385668276976 0.03626734353510853 0.05
0 0.33823549349240783 0.5960976923260022 0.0368763557483731 0.05016870179948588
0 0.3393200921908894 0.680910513662763 0.030368763557483722 0.06298200514138823
0 0.3523352765726681 0.7374657835856422 0.033261026753434564 0.07326478149100261
0 0.4622412780187997 0.9765604172617348 0.060737527114967445 0.04502731362467869
0 0.47127960050614603 0.5543038298581358 0.03398409255242226 0.05912596401028276
0 0.4416339027476501 0.5896508735599353 0.03976861894432394 0.060411311053984576
0 0.3751118492407809 0.43283853422831575 0.03109182935647142 0.04241645244215936
0 0.25869825560376 0.6153578144339712 0.03398409255242229 0.050128534704370196
0 0.27605183477946493 0.7156148838427117 0.02675343456254519 0.05784061696658093
0 0.24857533441793203 0.6834812077501666 0.032537960954446866 0.05784061696658093
0 0.2142297089660159 0.6731984314005522 0.030368763557483722 0.060411311053984576
0 0.2724365057845264 0.5228128272874417 0.03109182935647142 0.05784061696658093
0 0.4673027386117136 0.35571771160620774 0.031814895155459176 0.044987146529563
0 0.4430800343456255 0.3447922617347425 0.016630513376717282 0.04113110539845758
0 0.5114097523499639 0.3261547296010664 0.026030368763557493 0.044987146529563
0 0.5179173445408533 0.3518616704751023 0.030368763557483722 0.037275064267352165
0 0.22688336044830082 0.5767974031229173 0.042660882140274775 0.044987146529563
0 0.3161819866232827 0.931553187184614 0.030368763557483722 0.07069408740359906
0 0.236283215835141 0.8357948324288299 0.02819956616052061 0.05655526992287921
0 0.3913808297180043 0.9077742668761306 0.040491684743311634 0.07712082262210798
0 0.40258834960231377 0.5870801794725317 0.03832248734634849 0.047557840616966544
0 0.36679659255242225 0.6070030586499096 0.04483007953723786 0.0668380462724936
