0 0.8694873414976187 0.7488476469128988 0.09698456482082823 0.15144931959069294
0 0.6410847210748077 0.3039200996239213 0.06642214301745876 0.09927534020465353
0 0.1581996355002356 0.7818186392914656 0.06397715524239762 0.1043478260869566
0 0.06936507345508927 0.5060940126673995 0.08516706172877828 0.14420292066491164
0 0.724214305426886 0.35573171594100683 0.07049717238596429 0.11884055759595788
0 0.7562028830480848 0.8814563425650729 0.1051344743276284 0.16594198475713312
0 0.1177004248011569 0.687337248881272 0.07592190889370934 0.16580976863753216
0 0.0345478579175705 0.6642010020946396 0.07013738250180766 0.15295629820051412
0 0.015386614244396241 0.41612902266019236 0.03181489515545915 0.13496143958868895
0 0.1599997740419378 0.5562318504236885 0.06218365871294288 0.11953727506426733
0 0.770990374186551 0.3023758092925831 0.06362979031091835 0.10796915167095118
0 0.842935421185828 0.29080768589926687 0.07447577729573389 0.10282776349614393
0 0.6625305043383949 0.40970228744168335 0.06362979031091835 0.12724935732647816
0 0.7413446764280549 0.45340408692754447 0.0694143167028199 0.09640102827763491
0 0.8769195137382501 0.38849406122060365 0.048445408532176396 0.07455012853470439
0 0.9412723698481561 0.6847665547938684 0.10050614605929138 0.1735218508997429
0 0.7720749728850326 0.725897660192326 0.08170643528561096 0.14781491002570693
0 0.6614459056399132 0.9277172296010664 0.08604483007953725 0.14271368894601544
0 0.5714242136659436 0.9502108028658479 0.07519884309472158 0.09772654241645243
0 0.4781487255965293 0.9534241704751023 0.062183658712942895 0.09129980719794352
0 0.43042638286334056 0.9450493311434829 0.052060737527114986 0.10282776349614403
0 0.43548784345625446 0.8634297938684184 0.05784526391901661 0.09897172236503857
0 0.4803179229934924 0.7760261948966961 0.0737527114967462 0.11953727506426733
0 0.5229788051337672 0.6905506164905265 0.05784526391901667 0.10025706940874039
0 0.5782933387563268 0.7169002308864134 0.07881417208966018 0.14267352185089974
0 0.5699780820679682 0.6352806936113491 0.052060737527114986 0.08226221079691516
0 0.7131451102675344 0.7381084571074932 0.040491684743311634 0.12596401028277635
0 0.8320894342010123 0.6346380200894982 0.0976138828633406 0.134961439588689
0 0.9701950018076644 0.4720416190612206 0.05856832971800436 0.14910025706940871
0 0.9090959417932031 0.5806534442540228 0.08098336948662327 0.13753213367609254
0 0.800997604844541 0.40263287870132347 0.0730296456977585 0.0976863753213368
