0 0.6192835676446617 0.2919635944704311 0.1320293398533007 0.2130435114321501
0 0.31793882436837817 0.9056637479871176 0.10146699266503667 0.18682065217391297
1 0.20424689282803588 0.9056637479871176 0.12347188264058681 0.18682065217391297
1 0.4098190075921909 0.09543493525659334 0.06290672451193059 0.17994858611825193
0 0.4025883496023138 0.2503192540226602 0.05856832971800436 0.10668380462724936
0 0.5963699837310195 0.0826015483671332 0.0961677512653651 0.16705494858611825
1 0.3118435918293565 0.2573886627630201 0.07953723788864787 0.12339331619537278
1 0.2764133676789588 0.3672858349995239 0.10990600144613162 0.1606683804627249
1 0.3682427241503977 0.4206277373131487 0.06652205350686913 0.17223650385604117
0 0.45573368582791035 0.9277172296010664 0.060737527114967445 0.14271368894601544
