0 0.08647998788051714 0.6633404115931809 0.08516706172877828 0.16594205109969434
0 0.6339535316025813 0.2850795254423231 0.06519964912992814 0.09927537337593415
0 0.8725435762164452 0.768775227373157 0.1063569682151589 0.1536232326341712
0 0.772299077438939 0.29087663794869195 0.07294208554591997 0.10652177230171539
0 0.13758473427331888 0.7798822360278016 0.07809110629067244 0.16066838046272497
0 0.03888625271149675 0.4803963748452823 0.0744757772957339 0.17866323907455015
0 0.019725009038322486 0.6571315933542798 0.04049168474331164 0.16966580976863752
0 0.13686166847433115 0.5453064005522231 0.0650759219088937 0.11825192802056561
0 0.7225449656543746 0.3325814648195754 0.06362979031091835 0.12724935732647816
0 0.661807438539407 0.40006218461391985 0.0694143167028199 0.13110539845758354
0 0.7413446764280549 0.44183596353422827 0.06652205350686913 0.07583547557840616
0 0.8487199475777295 0.26767143911263447 0.07013738250180761 0.09511568123393317
0 0.5681704175704989 0.7207562720175188 0.07158351409978311 0.13239074550128535
0 0.5146635484454085 0.6899079429686756 0.04555314533622561 0.09897172236503857
0 0.5598551608821403 0.6230698966961821 0.0506146059291396 0.1066838046272493
0 0.4734487979031092 0.7554606421974674 0.07158351409978306 0.08354755784061699
0 0.4275341196673897 0.8499336499095497 0.05784526391901661 0.089974293059126
0 0.4177727313810557 0.9411932900123774 0.06579898770788144 0.10025706940874039
0 0.4795948571945047 0.9643496203465677 0.05495300072306577 0.06944890745501292
0 0.5685319504699927 0.949568129343997 0.09110629067245117 0.09901188946015425
0 0.6607228398409255 0.9283599031229173 0.08893709327548803 0.1414283419023137
0 0.7601443872017354 0.8833526730457965 0.09689081706435292 0.14910025706940877
0 0.7782210321764279 0.7342524159763877 0.07086044830079541 0.1516709511568123
0 0.7348370842371655 0.7695994596781873 0.05350686912509038 0.13239074550128535
0 0.9380185737527114 0.7014760663619918 0.07664497469269697 0.15809768637532132
0 0.9770641268980477 0.6899079429686756 0.04483007953723792 0.18637532133676094
0 0.9047575469992769 0.5221701537655908 0.08532176428054955 0.2493573264781491
0 0.8787271782357194 0.3756405907835856 0.0477223427331887 0.10796915167095113
0 0.6552998463485177 0.7798822360278017 0.08387563268257417 0.16580976863753216
0 0.5149857138754882 0.8361987677015251 0.06753962784286696 0.10049019607843135
