0 0.26161909692081403 0.8520986069945099 0.1423868061583719 0.2171052631578947
0 0.3805136494252873 0.8689423338779957 0.08344827586206893 0.12254901960784316
0 0.4770653735632184 0.9621944784858388 0.12344827586206891 0.07375919117647065
0 0.4287895114942528 0.8186972358387798 0.09586206896551724 0.11519607843137253
0 0.5443067528735632 0.8432070397603485 0.12965517241379315 0.15686274509803919
0 0.1453412356321839 0.26661390250544664 0.07655172413793104 0.10661764705882354
1 0.458444683908046 0.2635501770152506 0.08206896551724138 0.15441176470588236
0 0.8198239942528736 0.45472664760348586 0.12896551724137925 0.19852941176470587
0 0.7974102011494253 0.8009276279956428 0.10344827586206892 0.17769607843137253
0 0.5467205459770115 0.2267854711328976 0.09724137931034485 0.16666666666666666
0 0.4940561731742588 0.6976200252308864 0.09978308026030375 0.16066838046272497
0 0.461518212219812 0.6564889198324289 0.060737527114967445 0.07583547557840616
0 0.6430077277657266 0.3428642411691898 0.10267534345625447 0.20951156812339328
0 0.7474907357194503 0.8820874095496525 0.16992046276211129 0.23397332904884327
0 0.7127835773680404 0.2503192540226602 0.13087490961677517 0.18123393316195377
0 0.8371508947939262 0.2316817218889841 0.10339840925524228 0.20565552699228795
0 0.8653504609544469 0.6288539583928401 0.13087490961677517 0.2724935732647816
0 0.6531306489515546 0.11535781443397125 0.12292118582791028 0.17095115681233933
0 0.7550829266088215 0.11728583499952396 0.11135213304410704 0.16452442159383032
0 0.015748147143890095 0.796591747595925 0.03253796095444685 0.11439588688946013
0 0.009602087852494577 0.1963346781871846 0.02024584237165582 0.07069408740359896
1 0.19279412186997474 0.5727183755446624 0.14541695382494832 0.19852941176470587
1 0.3392448455088445 0.5561168130446622 0.1268090971743625 0.2292815563725489
