0 0.1869282418572038 0.7944998539972228 0.11328445844953391 0.16304354460343068
0 0.8619486043194785 0.2571809857747789 0.042787286063569734 0.08260872882345446
0 0.944996408045977 0.35975115740740743 0.035862068965517226 0.06740196078431375
0 0.04913433908045977 0.8628148828976034 0.09655172413793103 0.24754901960784317
0 0.5594936279826465 0.9566375380843569 0.08315256688358641 0.0848730719794345
0 0.9532029555314533 0.7258976601923259 0.05495300072306577 0.08611825192802053
0 0.9611566793203181 0.6654863491383414 0.05350686912509038 0.07326478149100261
0 0.9260879880694143 0.5472344211177759 0.044107013738250225 0.09383033419023137
0 0.9680258044107013 0.540165012377416 0.044107013738250225 0.08740359897172235
0 0.9597105477223428 0.4405506164905265 0.04916847433116409 0.08097686375321335
0 0.9853793835864063 0.3910647553080073 0.02819956616052058 0.07455012853470439
0 0.9051190798987708 0.3242267090355137 0.03832248734634855 0.06940874035989719
0 0.9579028832248735 0.2021187398838427 0.051337671728127296 0.08740359897172235
0 0.9597105477223428 0.11664316147767304 0.04627621113521331 0.05012853470437018
0 0.9647720083152567 0.05301848281443396 0.040491684743311634 0.06426735218508997
0 0.9875485809833694 0.31330125916404833 0.023861171366594408 0.07069408740359896
0 0.983933251988431 0.2522472745882129 0.02675343456254519 0.06940874035989716
0 0.9832101861894431 0.8210133414262591 0.032537960954446866 0.07583547557840616
0 0.9387416395516992 0.02090489026944682 0.03759942154736085 0.0436616323907455
