1 0.5261702956469348 0.1829055958132045 0.06805218461090318 0.13260869565217392
1 0.6231548231602103 0.1876157517978343 0.06234718826405867 0.13768118153447692
1 0.4169608665659065 0.23544183875435604 0.08109206966782546 0.14202900762143345
1 0.24132921985231381 0.47276069039115975 0.08924205378973105 0.08768111519191575
0 0.5002941874633889 0.4720360637670939 0.06927460388332829 0.11376813805621604
0 0.35522488793806034 0.7086302556085512 0.1198044009779951 0.19420285432235057
0 0.40575464772517456 0.51442736811492 0.07416465404855596 0.12318838368291436
0 0.46332587671728126 0.5761547296010663 0.10195227765726678 0.13624678663239073
0 0.6231234182935648 0.5549465033799866 0.07881417208966018 0.1066838046272494
0 0.7970207429501085 0.7953064005522231 0.08676789587852494 0.1966580976863753
1 0.6730149584237165 0.08450948538512805 0.04555314533622561 0.08611825192802056
0 0.6101082339117859 0.05623185042368847 0.08459869848156186 0.10154241645244216
0 0.3306433026030369 0.5999336499095497 0.06796818510484458 0.07069408740359896
0 0.25616752530730297 0.9064889198324289 0.0723065798987708 0.16452442159383043
1 0.34510461858279107 0.21947092497381698 0.06362979031091828 0.12724935732647813
