0 0.6167631549599729 0.6156219764992044 0.11440331729841825 0.18421052631578946
0 0.6404256938416282 0.7980050285889623 0.08847731602044757 0.16739768312688455
0 0.43137218334056715 0.8663529929594221 0.10329220618730713 0.22222231145490684
0 0.16943803952064043 0.27644067879541107 0.10617283950617283 0.20321635196083465
0 0.2393968746985918 0.45809274788720794 0.06831273208429783 0.14108189365320037
0 0.46100181297019666 0.6678880472164637 0.054732485170717556 0.1220760010836417
0 0.5512033045977011 0.7543590005446623 0.07862068965517241 0.15073529411764702
0 0.5205136494252874 0.6152658632897604 0.061379310344827624 0.11764705882352947
0 0.4832722701149425 0.5454129221132897 0.07103448275862068 0.12990196078431368
0 0.3032722701149425 0.4345060593681917 0.06137931034482757 0.12377450980392153
0 0.34706537356321837 0.41122174564270153 0.051034482758620686 0.10661764705882351
0 0.36258261494252875 0.29418743191721136 0.054482758620689666 0.06862745098039216
0 0.3574102011494253 0.33658173338779956 0.039999999999999855 0.06272977941176473
0 0.2994791666666667 0.34994723583877996 0.04965517241379308 0.07720588235294118
0 0.025341235632183906 0.32666292211328973 0.05172413793103448 0.19975490196078433
0 0.07051364942528736 0.179604098583878 0.10206896551724137 0.1678921568627451
0 0.1767205459770115 0.11281488289760348 0.09655172413793103 0.1568627450980392
0 0.2687895114942529 0.1642854711328976 0.06689655172413793 0.10049019607843138
0 0.31947916666666665 0.2543590005446623 0.03999999999999997 0.09191176470588237
0 0.2525521963123644 0.3043038298581358 0.07664497469269707 0.16066838046272497
0 0.3367893618944324 0.2046894339712463 0.057122198120028916 0.10539845758354756
0 0.32811257230657986 0.13335267304579643 0.057122198120028916 0.07840616966580978
0 0.268459643890094 0.06715730029515377 0.07519884309472162 0.09511568123393316
0 0.08697012834417932 0.046611831143482815 0.06796818510484455 0.08222204370179949
