0 0.572013816429331 0.6434128643042032 0.0741646540485559 0.13043478260869562
0 0.9059584215781313 0.43725345507144164 0.15199671514459812 0.2818840358568274
0 0.3692836049522146 0.5039200996239213 0.041157319085230765 0.07318838368291442
0 0.43916949308686076 0.5640650382172466 0.03993475058259476 0.06594198475713312
0 0.19426320518238716 0.6434128643042033 0.06356968215158926 0.10144931959069295
0 0.37258111894432394 0.9656349673902694 0.07953723788864787 0.06687821336760928
0 0.2915977494577006 0.9463547617347425 0.08676789587852492 0.10543862467866327
0 0.4007806851048445 0.5453064005522231 0.04338394793926247 0.07712082262210798
0 0.41451893528561096 0.488751130629344 0.030368763557483722 0.05398457583547561
0 0.36101206616052056 0.27474084785299435 0.040491684743311634 0.06555269922879177
0 0.29810534164859004 0.2933783799866705 0.030368763557483722 0.07712082262210798
0 0.27749796637744034 0.38656604065505096 0.03976861894432391 0.07583547557840616
0 0.7088067154736081 0.50738866276302 0.060737527114967445 0.06298200514138812
