0 0.6013537070376173 0.2894273681149199 0.1198044009779951 0.22681161631708566
1 0.18285326845002736 0.917688270851418 0.11572940891704232 0.13985502823539409
0 0.30062017339754615 0.9168956762734628 0.09046454767726161 0.14696549125339667
0 0.5693650921088657 0.08580415206638894 0.09576207093329774 0.14710146033245586
0 0.4380185737527115 0.9412133735599353 0.0730296456977585 0.11572140102827765
1 0.34727381597975415 0.4225557578787013 0.06796818510484452 0.15809768637532132
1 0.24532153832248732 0.37371257021803295 0.09689081706435285 0.1683804627249357
1 0.31148205892986264 0.2618873774159764 0.09761388286334055 0.15552699228791775
0 0.4090959417932032 0.19697735170903552 0.08026030368763556 0.15424164524421596
0 0.3790887111352133 0.29337837998667043 0.07953723788864787 0.13367609254498714
0 0.44199543564714383 0.05046787227458821 0.06507592190889368 0.10278759640102827
