1 0.4060308908045977 0.08719447848583879 0.06413793103448277 0.1762408088235294
1 0.46947916666666667 0.1931993804466231 0.06413793103448277 0.14361213235294124
1 0.4091343390804597 0.48352566721132906 0.05241379310344829 0.1433823529411765
0 0.3274102011494253 0.4645305691721133 0.05310344827586206 0.13970588235294112
0 0.3436170977011494 0.6079129221132897 0.06344827586206894 0.13970588235294118
0 0.28844468390804595 0.6661237064270151 0.08413793103448276 0.1482843137254902
0 0.2460308908045977 0.8015403730936819 0.08482758620689654 0.1691176470588235
0 0.4153412356321839 0.9474885961328975 0.0703448275862069 0.10317095588235298
0 0.37913433908045974 0.8897756672113288 0.07103448275862068 0.14950980392156854
0 0.33396192528735635 0.8095060593681918 0.0689655172413793 0.1482843137254902
0 0.37396192528735633 0.5300942946623094 0.04137931034482758 0.09926470588235298
0 0.3712033045977011 0.41796194172113293 0.037241379310344824 0.08823529411764708
