0 0.4536356831918233 0.6600795420279635 0.05582724573559747 0.09710142716117524
0 0.4709543341626554 0.5024708463757895 0.052974784869727995 0.06594205109969428
0 0.5101688218390804 0.6238442946623094 0.0462068965517241 0.07352941176470586
0 0.4739619252873563 0.8664913534858388 0.06344827586206894 0.1029411764705882
0 0.48051364942528735 0.742104098583878 0.060000000000000026 0.10661764705882351
0 0.4987895114942528 0.962807223583878 0.07310344827586206 0.07253370098039216
0 0.39741020114942527 0.8505599809368192 0.053793103448275835 0.09558823529411767
0 0.3132722701149425 0.9547266476034858 0.0620689655172414 0.08823529411764713
0 0.3060308908045977 0.6930844907407407 0.057241379310344814 0.10416666666666667
0 0.34051364942528733 0.8291139025054465 0.05310344827586206 0.1115196078431372
0 0.3643067528735632 0.4467609613289761 0.04965517241379308 0.08455882352941176
0 0.12258261494252873 0.3340158632897604 0.047586206896551735 0.06740196078431375
0 0.2332722701149425 0.8052168436819171 0.051034482758620686 0.08088235294117649
0 0.49947916666666664 0.44737370642701524 0.04137931034482758 0.0514705882352941
0 0.5056860632183908 0.4099962554466231 0.037241379310344824 0.047794117647058834
0 0.5246515804597701 0.5674717456427014 0.0310344827586207 0.061274509803921524
0 0.5160308908045976 0.5172266476034859 0.03310344827586208 0.06617647058823532
0 0.024996408045977008 0.9510501770152507 0.046896551724137925 0.09558823529411767
0 0.2874102011494253 0.8664913534858388 0.04206896551724141 0.08088235294117649
0 0.041892959770114944 0.4265403730936819 0.04758620689655172 0.08088235294117643
0 0.1860308908045977 0.8664913534858388 0.05862068965517242 0.1029411764705882
0 0.5377550287356321 0.4724962554466231 0.0379310344827586 0.060049019607843104
0 0.043586180404916845 0.5857948324288299 0.05061460592913955 0.08611825192802053
0 0.46224127801879966 0.3891367347424545 0.0361532899493854 0.07583547557840616
0 0.47055653470715836 0.34414958821289154 0.042660882140274775 0.050128534704370196
0 0.42608798806941434 0.3653578144339712 0.03904555314533624 0.08226221079691516
