0 0.2912477140418864 0.4955867773476815 0.11165445416364227 0.1565217391304348
0 0.5504553054953 0.751604601066362 0.08532176428054955 0.19151670951156813
0 0.7688211767895877 0.797234421117776 0.0723065798987708 0.1568123393316196
0 0.6990453271872741 0.4289824930972103 0.06435285610990604 0.09383033419023137
0 0.5623858911785973 0.43540922831571927 0.04699927693420101 0.1066838046272493
0 0.5190019432393348 0.36921385556507663 0.042660882140274775 0.10539845758354759
0 0.5417785159074476 0.27795421546224885 0.04627621113521331 0.11568123393316193
0 0.30208220354302234 0.3557177116062077 0.09327548806941428 0.11696658097686373
0 0.518640410339841 0.9174344532514519 0.08676789587852489 0.1632792416452443
0 0.4380185737527115 0.8794966319146911 0.08170643528561101 0.20822622107969163
0 0.3537814081706435 0.8030184828144339 0.1315979754157628 0.23778920308483284
0 0.2330294197396963 0.7053321074930973 0.146059291395517 0.21208226221079687
0 0.23736781453362255 0.9200051473388555 0.09978308026030366 0.15813785347043702
0 0.09383925343456252 0.5935069146910407 0.0932754880694143 0.1735218508997429
