0 0.7988618827160494 0.5618939063237657 0.13456790123456794 0.1864035087719298
0 0.8009195210021219 0.8696424666436328 0.14362144941165128 0.23903508771929824
0 0.6437178623529128 0.7669377994351452 0.13868310245466814 0.21929831253854853
0 0.5354874222366898 0.7373325028149937 0.08600818021797843 0.1557017543859649
0 0.6107960642119984 0.5176687824331064 0.08353904441550929 0.14035087719298245
0 0.4885738419897762 0.909116150854159 0.08024691358024694 0.1557017543859649
0 0.3933063648365162 0.5808997654310676 0.05102878146701387 0.06652049014442843
0 0.3817837185329861 0.9113091333102993 0.0493827160493827 0.10745614035087712
0 0.10793903651482284 0.10764573217176045 0.05639913232104122 0.08868894601542417
0 0.3711349873463485 0.6359233671332 0.04627621113521331 0.07069408740359896
0 0.34799688177874183 0.7175429044082644 0.05495300072306577 0.0951156812339332
0 0.32811257230657986 0.7811675830715034 0.04844540853217646 0.08868894601542418
0 0.42391879067245114 0.6693423902694468 0.05350686912509038 0.08354755784061699
0 0.4062036785972523 0.7124015162334572 0.041214750542299325 0.07969151670951162
0 0.3881270336225596 0.7728128272874417 0.03832248734634849 0.08740359897172235
0 0.5811856019522776 0.18862259592497382 0.03109182935647148 0.060411311053984576
0 0.6068544378163414 0.15070485813577075 0.04627621113521331 0.07197943444730079
0 0.5652781543745481 0.07294136199181185 0.0253073029645698 0.047557840616966586
0 0.9358493763557483 0.08708017947253166 0.03904555314533624 0.05269922879177378
0 0.8931884942154736 0.06522927972960108 0.0506146059291396 0.08097686375321336
0 0.8733041847433116 0.021527480243739884 0.04989154013015178 0.04241645244215938
0 0.9354878434562545 0.02668895196610492 0.051337671728127296 0.055229755784061696
0 0.978510258496023 0.013835481529086927 0.033261026753434564 0.02952281491002571
0 0.525871068329718 0.038236991811863276 0.030368763557483722 0.04241645244215938
