0 0.058362628467314215 0.22928242952159453 0.055827208428044776 0.1021739130434783
0 0.5388027449206017 0.38435491540389755 0.053382183345430906 0.0847826086956522
0 0.7529429117838542 0.6752969001610307 0.07171966627349478 0.1
0 0.5115003689965681 0.6021085164781163 0.04930722859203082 0.07536236306895382
0 0.15167967431799803 0.40319547299985536 0.08272207395371714 0.11376807171365493
0 0.6166348806317491 0.7477606903911598 0.05990220048899755 0.09710149350373645
0 0.6844832540821426 0.7437751942018765 0.06275466135486703 0.11811596414317257
0 0.6125598885707965 0.9405143578079396 0.07049717238596429 0.08985502823539399
0 0.7955264613020198 0.8339925523349437 0.05582717112049202 0.10434782608695649
0 0.5314677815954183 0.7557317159410069 0.04930730320713632 0.08550726849099861
0 0.13313851080585906 0.2466737338694206 0.061124694376528114 0.08043478260869566
