0 0.6939236487871334 0.5856512051112005 0.08600825557002309 0.1286549484520628
0 0.6700553234712577 0.9317769918757806 0.08600818021797837 0.10014624344675165
0 0.7317837185329862 0.8111628898635477 0.1049382716049383 0.16447368421052633
0 0.843923611111111 0.8294377994351452 0.10617283950617278 0.13377199674907486
0 0.7632652000144676 0.6784874847293132 0.10370370370370369 0.12426898353978212
0 0.665940084575135 0.22416769072931564 0.06460902838059408 0.10305634074092446
0 0.7848701382860724 0.5618939063237657 0.08189305434992289 0.13815789473684212
0 0.9344586030936535 0.7647447835167481 0.08065841109664357 0.11988308555201475
0 0.8572615358126722 0.9607478806836212 0.08608815426997249 0.07665238678090576
0 0.6072615358126721 0.04053674237272768 0.053030303030303 0.08200734394124848
0 0.6193138774104684 0.15497982682805206 0.04545454545454544 0.0758873929008568
0 0.6320549242424243 0.0913323360079786 0.053030303030303 0.07343941248470014
0 0.8662147038567495 0.658651797452287 0.09435261707988983 0.11627906976744184
0 0.754644455922865 0.231479214832948 0.04752066115702481 0.0624235006119951
0 0.6826747589531681 0.03135681581214017 0.06060606060606067 0.0587515299877601
0 0.6823304063360882 0.13233600797860282 0.05440771349862258 0.07955936352509181
0 0.7253744834710745 0.16844371911691372 0.049586776859504175 0.08078335373317014
0 0.7036802685950413 0.28288680357223805 0.043388429752066075 0.0697674418604651
0 0.7997546487603306 0.17762364567750125 0.04407713498622587 0.07466340269277846
0 0.7630904692166323 0.9501693559368194 0.08821502412129571 0.08578431372549028
0 0.8637107311049852 0.5770075912309368 0.06064782908339078 0.09191176470588235
0 0.7686039082242132 0.12235072848583879 0.0385940730530668 0.08210784313725492
0 0.7961711032621182 0.0531105324074074 0.05375603032391455 0.0857843137254902
0 0.7341449144268322 0.06781641476034858 0.05513439007580984 0.06862745098039216
0 0.949226093637021 0.6796251666190612 0.06146059291395514 0.11953727506426733
