0 0.2934889466177669 0.6470360637670939 0.09168704156479217 0.14202900762143345
0 0.29919392431083497 0.5118911251737684 0.05582720842804475 0.0804347826086956
0 0.17225831520683704 0.28834039500754044 0.05215976407300582 0.09710146033245586
0 0.2221834327548807 0.5665146267733029 0.08676789587852494 0.12982005141388173
0 0.3259433749096168 0.2625300509378273 0.03976861894432394 0.08483290488431873
0 0.35522753976861887 0.3242267090355137 0.0361532899493854 0.06169665809768635
0 0.3812579085321764 0.3422215676473388 0.027476500361532884 0.06683804627249354
0 0.36751965835141 0.27088480672188897 0.031814895155459176 0.04241645244215941
0 0.14517692516268982 0.686694575359421 0.07302964569775852 0.11825192802056561
0 0.15999977404193783 0.82165601494811 0.04916847433116415 0.07455012853470433
0 0.16036130694143166 0.9482626987527374 0.05422993492407807 0.09383033419023126
