0 0.23342980278862846 0.5688383619222956 0.09670783148871524 0.14327487610934075
0 0.11263896420824294 0.5356662977244597 0.08026030368763556 0.11439588688946013
0 0.12926947758496024 0.4090596139198325 0.044107013738250184 0.10539845758354759
0 0.09926224692697036 0.437337248881272 0.07953723788864787 0.11053984575835477
0 0.052986035791757057 0.322298688469961 0.06218365871294288 0.05269922879177379
0 0.05877056218365871 0.2599593568504237 0.05206073752711496 0.08226221079691516
0 0.04105545010845987 0.23039637484528228 0.03976861894432393 0.08226221079691515
0 0.013940482646420822 0.2117588427116062 0.0274765003615329 0.09897172236503854
0 0.41668813268257415 0.9437840676473389 0.0838756326825741 0.11058001285347045
0 0.5385247198120029 0.962421599781015 0.08026030368763556 0.07330494858611829
