0 0.24214422199525967 0.7901519947389858 0.03708232702427795 0.06884062393851899
0 0.14495595793657995 0.6883404115931808 0.05052975978711416 0.09710142716117524
0 0.22625180145736234 0.6658766213630517 0.053382220652983654 0.0753622967263927
0 0.5593814044632169 0.9452244806212889 0.06519964912992814 0.07608695652173923
0 0.47828929748783877 0.5321810023604192 0.03585987044430011 0.05869565217391308
0 0.43978074003062606 0.880007089316941 0.05175229098219744 0.10652173913043483
0 0.3540024127043061 0.8089925523349438 0.05052975978711416 0.05869565217391308
0 0.13360787237888647 0.9759177437398838 0.05133767172812726 0.046312660668380405
0 0.446695363340564 0.49324984528230026 0.02819956616052058 0.06555269922879177
0 0.5472015093998553 0.6147151409121203 0.02675343456254519 0.0616966580976864
0 0.582631733550253 0.6770544725316576 0.04699927693420101 0.08611825192802053
0 0.5396093185104844 0.693763984099781 0.03904555314533624 0.08354755784061699
0 0.4821255874909617 0.6192138555650766 0.04699927693420101 0.07069408740359896
0 0.43838010665220534 0.6025043439969533 0.0361532899493854 0.06812339331619542
0 0.4040344812002892 0.6262832643054365 0.04555314533622561 0.07455012853470433
0 0.36498892805495303 0.5954349352565933 0.0368763557483731 0.0668380462724936
0 0.3371508947939263 0.5735840355136629 0.0361532899493854 0.06940874035989714
0 0.30569753253796095 0.5690853208607065 0.041214750542299325 0.11696658097686378
0 0.3306433026030369 0.7400364776730458 0.03759942154736079 0.07326478149100261
0 0.3060590654374548 0.6828385342283156 0.03759942154736079 0.07197943444730079
0 0.3942730929139552 0.8081598709892411 0.03904555314533624 0.09125964010282772
0 0.48863317968185105 0.9270544725316576 0.05856832971800436 0.08226221079691516
0 0.5772087400578452 0.8724272231743311 0.0477223427331887 0.08354755784061699
0 0.5587705621836586 0.784380950680758 0.04555314533622561 0.0951156812339332
0 0.5323786605206073 0.8570030586499094 0.04483007953723786 0.09640102827763491
0 0.4842947848879248 0.840293547081786 0.04410701373825017 0.10411311053984576
0 0.5074328904555315 0.7734555008092926 0.04410701373825017 0.10411311053984576
0 0.4987561008676791 0.699548045796439 0.042660882140274775 0.10282776349614393
0 0.43982623825018075 0.7927357064648195 0.04483007953723786 0.09897172236503857
0 0.44777996203904563 0.6834812077501666 0.04338394793926247 0.09897172236503857
0 0.46802580441070135 0.7503192540226602 0.041937816341287085 0.060411311053984576
0 0.39824995480838754 0.7149722103208607 0.048445408532176396 0.08740359897172235
0 0.37005038864786693 0.6686997167475959 0.041214750542299325 0.0668380462724936
0 0.33389709869848155 0.6519902051794725 0.042660882140274775 0.0668380462724936
0 0.36968885574837307 0.7419644982385986 0.040491684743311634 0.0616966580976864
