0 0.2979714490770808 0.5238476469128989 0.07701711491442544 0.12318845002547553
0 0.6198948518959798 0.35464472624798715 0.08516709903633099 0.16304347826086962
0 0.5314677815954183 0.9191375240995497 0.08924205378973109 0.14130434782608703
0 0.14291846190610355 0.46370270831957344 0.08394460514880042 0.11594205109969433
0 0.04124772336877451 0.698123020288833 0.07701713356820179 0.1253622967263927
0 0.24866418317749725 0.6329056289844851 0.06397715524239764 0.09927534020465359
0 0.2826902568291724 0.40319547299985536 0.05704970231557533 0.10362323263417124
0 0.2879877427776557 0.8742100099818527 0.08883454339136995 0.14710149350373636
1 0.4477269502995747 0.9166013143296787 0.06764471152009476 0.14202894127887222
0 0.1150048390383048 0.3473983936647671 0.09168704156479217 0.11086956521739132
0 0.19036853759942152 0.5671573002951539 0.07809110629067245 0.13624678663239073
0 0.029124864425162687 0.520242133200038 0.05350686912509038 0.1735218508997429
0 0.032740193420101225 0.30815987098924114 0.062183658712942874 0.17095115681233933
1 0.47923332429501087 0.7561033157193183 0.06435285610990599 0.12596401028277635
1 0.47236419920462763 0.5549465033799867 0.06796818510484452 0.12210796915167098
1 0.49477923897324655 0.44633467818718464 0.06362979031091828 0.12853470437018
1 0.508517489154013 0.2657434185470818 0.05639913232104116 0.10925449871465298
0 0.44524923174258857 0.27281282728744166 0.052783803326102684 0.07197943444730079
0 0.2850901572668113 0.2303963748452823 0.06218365871294287 0.12853470437017994
0 0.22362956435285608 0.19119329001237742 0.05784526391901664 0.10411311053984576
0 0.22362956435285608 0.05687452394553937 0.09399855386840202 0.10796915167095116
0 0.6220388195950831 0.0800308542797296 0.07809110629067248 0.16191356041131105
0 0.5942007863340564 0.2355377630200895 0.06435285610990604 0.11568123393316196
0 0.6383078000723065 0.9476401087784443 0.060014461315979754 0.10286793059125972
