0 0.5470100685402198 0.7314845719067905 0.047325077763310235 0.081140350877193
0 0.8365162037037037 0.5498325028149936 0.05925925925925928 0.10087719298245612
0 0.9319894672911843 0.48916001050328184 0.08312754689911266 0.1359649122807018
0 0.6268454469280478 0.4712506426240501 0.04814814814814809 0.06213452523214776
0 0.7867219901379243 0.4398178717778672 0.07242793330439809 0.11476610417951616
0 0.16532280062451774 0.5973471338521203 0.10617283950617284 0.14327487610934075
0 0.5639619252873563 0.4308295887799564 0.05862068965517236 0.08946078431372545
0 0.5025826149425288 0.45288841230936816 0.05034482758620692 0.09436274509803919
0 0.6480998563218391 0.40080507897603485 0.04896551724137931 0.07352941176470586
0 0.8536170977011494 0.38487370642701524 0.057241379310344814 0.10049019607843135
0 0.18568606321839082 0.7114668436819171 0.049655172413793115 0.08455882352941181
0 0.304996408045977 0.5423491966230938 0.02758620689655172 0.06004901960784316
0 0.41741020114942523 0.5331580201525055 0.04137931034482758 0.06617647058823532
0 0.38775502873563217 0.500682529956427 0.03448275862068968 0.047794117647058834
0 0.4270653735632184 0.4780109613289761 0.03310344827586208 0.05637254901960784
0 0.45292744252873557 0.5552168436819173 0.018620689655172384 0.07843137254901965
0 0.40327227011494254 0.10055998093681917 0.05172413793103446 0.1053921568627451
0 0.9329274425287356 0.34872174564270153 0.09586206896551724 0.13357843137254902
0 0.014651580459770115 0.4976188044662309 0.030344827586206897 0.11274509803921567
0 0.7355601500361534 0.019619543225745027 0.03759942154736085 0.04109093830334191
0 0.8989730206073753 0.014478155050937828 0.027476500361532884 0.03080816195372751
0 0.6773533532176427 0.3672858349995239 0.03687635574837304 0.06298200514138817
