0 0.6492347051967134 0.7973983936647672 0.0957619963181923 0.13985516092051634
0 0.7409217467615056 0.9155143578079397 0.0982069840932534 0.139855028235394
0 0.23542050561384156 0.8684128643042033 0.07986961308784765 0.14420285432235058
0 0.6896454718004338 0.6731984314005521 0.06724511930585682 0.05784061696658093
0 0.6126389642082429 0.9540467604493954 0.10556760665220537 0.0899742930591259
0 0.4575413503253796 0.6558462463105779 0.06290672451193059 0.0668380462724936
0 0.26231358459869847 0.5170287655907836 0.057122198120028916 0.09254498714652955
0 0.2699057754880694 0.43155318718461394 0.0477223427331887 0.07840616966580975
0 0.26267511749819233 0.3422215676473388 0.0433839479392625 0.08483290488431876
0 0.24170620932754883 0.2464632128915548 0.03904555314533624 0.08097686375321336
0 0.20772211677512653 0.38206732600209464 0.05350686912509038 0.08740359897172235
0 0.186753208604483 0.32358403551366277 0.040491684743311634 0.07069408740359896
0 0.19506846529284164 0.508031336284871 0.052783803326102684 0.10282776349614399
0 0.13686166847433115 0.4283398195753594 0.0462762111352133 0.08740359897172235
0 0.8208819143167029 0.7567459892411692 0.12581344902386118 0.14781491002570693
