0 0.6107261477395006 0.2952244640356485 0.13039937287496184 0.21521742447562844
0 0.5854612491921672 0.09993460343463795 0.10105951957422832 0.15652173913043482
0 0.30612139589143367 0.9093549154038976 0.10635696821515893 0.16521739130434793
1 0.18815073574473437 0.9068186724627461 0.12632434350645633 0.17028987718665092
1 0.4224726590744758 0.0890282835856422 0.10701373825018076 0.17990841902313626
1 0.3613735990600144 0.42319843140055224 0.08749096167751264 0.17737789203084836
1 0.2576136569052784 0.37306989669618207 0.10412147505422992 0.15938303341902316
1 0.30569753253796095 0.26317272445967815 0.07881417208966018 0.15038560411311053
0 0.44488769884309476 0.9469773517090354 0.07086044830079535 0.10411311053984565
0 0.3949961587129429 0.2638153979815291 0.0723065798987708 0.15938303341902313
