0 0.20811812968980808 0.7213114039717473 0.0969845275132755 0.1442029206649117
0 0.1109298656311284 0.8397896980125933 0.11043196027611171 0.18695652173913044
0 0.41813426428054956 0.42898249309721037 0.06507592190889373 0.134961439588689
0 0.8125666576283441 0.5568745239455395 0.373825018076645 0.5655526992287918
0 0.5989007140274765 0.9077943504236885 0.2776572668112797 0.18255944730077125
0 0.5999853127259581 0.7991624416833285 0.1496746203904556 0.26606683804627246
0 0.7854516901663051 0.27923956250595067 0.18510484454085324 0.2133676092544987
0 0.6802456164135936 0.23553776302008947 0.10484454085321768 0.19280205655526989
0 0.26231358459869847 0.37499791726173476 0.03687635574837307 0.08611825192802058
0 0.21929116955892985 0.353789691040655 0.04193781634128705 0.06940874035989719
0 0.18928393890093997 0.30623185042368845 0.049891540130151846 0.07712082262210798
0 0.24062161062906726 0.309445218032943 0.042660882140274775 0.07069408740359896
0 0.13035407628344178 0.6584169403979816 0.10122921185827909 0.13110539845758354
0 0.035993989515545916 0.7695994596781872 0.0730296456977585 0.21208226221079687
0 0.2229064985538684 0.9662776409121204 0.12292118582791031 0.06559286632390746
