0 0.1943351463035301 0.4372593810916179 0.09917692961516206 0.16228070175438594
0 0.1519483024691358 0.5999055910761129 0.09012345679012346 0.15716372038188736
0 0.08425283549744406 0.39339976543106764 0.10205760061005013 0.1739766304953056
0 0.048656133957851073 0.6963968191462884 0.09012345679012346 0.1790935449432908
0 0.27569030187997107 0.9283599031229173 0.13304410701373826 0.1414283419023137
0 0.15204605025307302 0.25803133628487096 0.12436731742588573 0.18894601542416453
0 0.18711474150397683 0.13463802008949824 0.08170643528561099 0.18123393316195374
0 0.10106991142443962 0.11407246739026945 0.09761388286334055 0.16580976863753213
0 0.03816318691250904 0.20019071931829 0.07736804049168475 0.13239074550128532
0 0.010325153651482285 0.34414958821289154 0.021691973969631236 0.13753213367609254
0 0.06817041757049891 0.5420930329429686 0.08098336948662328 0.12724935732647816
