0 0.7164718690108942 0.47167373386942063 0.04930722859203082 0.0855072021484375
0 0.6956894729228745 0.5756592300587039 0.05582724573559747 0.11376813805621609
0 0.758444683908046 0.40815802015250546 0.04482758620689656 0.06862745098039216
0 0.651892959770115 0.509260961328976 0.05241379310344823 0.07720588235294118
0 0.4463338304410701 0.6622729815290869 0.0477223427331887 0.10539845758354759
0 0.41307280368763555 0.5973629558221462 0.030368763557483722 0.07326478149100261
0 0.2717134399855387 0.4238411049224031 0.03109182935647142 0.050128534704370196
0 0.25363679501084596 0.4906791511948967 0.02819956616052058 0.055269922879177334
0 0.21531430766449747 0.4546894339712463 0.038322487346348515 0.07326478149100256
0 0.1834994125090383 0.5228128272874417 0.0368763557483731 0.07069408740359896
0 0.20916824837310197 0.520884806721889 0.04338394793926247 0.053984575835475564
0 0.16831503073029644 0.5857948324288299 0.04410701373825017 0.05269922879177374
0 0.13143867498192335 0.6449207964391126 0.04410701373825017 0.09640102827763491
0 0.09167005603759942 0.6693423902694468 0.05133767172812726 0.07326478149100261
0 0.05515523318872017 0.7233269661049224 0.05929139551699204 0.0784061696658098
0 0.019363476138828634 0.8210133414262591 0.038322487346348515 0.11696658097686378
