0 0.22686302974735129 0.7111664985497026 0.0488997555012225 0.06159422501273774
0 0.2755590487031696 0.8137027083195735 0.0558272457355975 0.10144925324813182
0 0.16512708842705787 0.7970360637670939 0.07457212713936429 0.11594205109969433
0 0.2794302855649418 0.6459491072453548 0.05052975978711413 0.06884055759595788
0 0.16757209485589536 0.6245722735369648 0.06642218032501149 0.09710142716117524
0 0.6266185682773979 0.3923259077824641 0.05297471025462255 0.06884062393851904
0 0.46361937083747207 0.9071810023604192 0.05460467723296152 0.10434782608695649
0 0.33179376752957546 0.591238951260725 0.07049717238596423 0.1202898108440897
0 0.28146776294164183 0.48616649854970256 0.06764467421254201 0.08985509457795515
0 0.5993161923533645 0.3108041686520293 0.04645476772616135 0.07536236306895382
0 0.09055497061458176 0.406818672462746 0.08272209260749351 0.09202900762143346
0 0.20424691148181223 0.3368911251737684 0.05175225367464472 0.07101453698199728
0 0.08301625209021782 0.5488476469128989 0.09453952108443804 0.12536236306895382
0 0.09850119021041857 0.27167371728378026 0.07742462531278652 0.11159419184145723
0 0.34462997200242274 0.8387027414908541 0.05867974390901972 0.12826086956521737
