0 0.5654938739008698 0.48363025560855105 0.10105951957422832 0.20797105872112778
0 0.5993161923533645 0.7466737338694206 0.16625916870415652 0.2746376369310463
0 0.22951177272159295 0.26478966484131256 0.07049713507841154 0.1297101228133492
1 0.14434469233903832 0.2778331431021821 0.08679706601466995 0.16594205109969434
0 0.6502383857556037 0.24839123345710748 0.15039768618944316 0.23907455012853476
0 0.7923208152566884 0.05625193397124631 0.16268980477223435 0.11435571979434447
0 0.5486476409978307 0.0915989776730458 0.16268980477223421 0.18504980719794345
0 0.478871791395517 0.09736295582214606 0.12147505422993489 0.15809768637532134
0 0.5023714298626175 0.3267974031229172 0.12509038322487348 0.19537275064267354
0 0.4521183568329718 0.3486483028658478 0.0853217642805495 0.14138817480719792
0 0.411988204989154 0.5266688684185471 0.08315256688358641 0.19922879177377895
0 0.1834994125090383 0.13849406122060362 0.05422993492407807 0.07326478149100259
