0 0.3485011902104186 0.39015199473898576 0.03708232702427795 0.08768111519191575
0 0.4387619826884997 0.3731230202888331 0.04237981297276138 0.10144925324813178
0 0.3943067528735632 0.3683295887799564 0.04896551724137931 0.08455882352941176
0 0.3929274425287356 0.3082805691721133 0.04068965517241381 0.0625
0 0.10613137201735358 0.2541752951537656 0.03976861894432394 0.09125964010282775
0 0.3537814081706435 0.3023758092925831 0.03470715835140995 0.05141388174807197
0 0.6285464117859725 0.4546894339712463 0.0477223427331887 0.07326478149100256
0 0.6028775759219089 0.49710588641340575 0.032537960954446866 0.1066838046272494
0 0.6473461225596528 0.5472344211177759 0.03904555314533624 0.07326478149100261
0 0.6180619577006508 0.6005763234314007 0.03398409255242226 0.07969151670951162
