0 0.239495479021018 0.41515199473898584 0.0692746784984337 0.12318845002547558
0 0.6645158787908455 0.8669635778847908 0.05215976407300585 0.094927514117697
0 0.31467885310414756 0.4256592300587039 0.05990220048899755 0.1253622967263927
0 0.46830560984219005 0.2184128477185629 0.055827245735597525 0.0572463657545007
0 0.7142306177812373 0.13544183875435603 0.05052979709466688 0.10869565217391307
0 0.2780040364782307 0.19123893467508463 0.032192314166602995 0.044927547288977576
0 0.17164706826307177 0.07892009962392124 0.04278728606356967 0.07101447063943615
0 0.3458524472361769 0.22819547299985535 0.04808473470450032 0.05652173913043478
0 0.3723254795543304 0.39686053240740743 0.05789110957960025 0.11887254901960784
0 0.3485487738341374 0.5028654343681918 0.04479669193659544 0.1053921568627451
0 0.4943103175970595 0.36132131672113293 0.03583735354927639 0.07230392156862743
0 0.466053942683207 0.3178164147603486 0.044107512060647856 0.09068627450980392
0 0.8065088014013324 0.04570014637799564 0.07856650585802889 0.09325214460784313
0 0.6125046663220767 0.07149288534858388 0.05306685044796697 0.09558823529411765
0 0.4164329916149782 0.12480170887799566 0.04824259131633356 0.05024509803921569
0 0.32373829830002293 0.08313504221132897 0.04066161268090974 0.07230392156862746
0 0.291002254192511 0.05801249319172114 0.03583735354927639 0.0661764705882353
0 0.23380032448885826 0.023641322848583876 0.03997243280496209 0.04913449754901961
0 0.1476528399954055 0.023028577750544663 0.04686423156443832 0.04790900735294118
0 0.19658461118768666 0.01929466230936819 0.04548587181254306 0.04044117647058823
0 0.3168464995405468 0.01879680691721133 0.028256374913852512 0.034313725490196074
0 0.5308368510222835 0.1468605324074074 0.02756719503790492 0.07475490196078433
0 0.6828010136687341 0.26573308142701524 0.04755341144038591 0.09926470588235295
0 0.4284936394440616 0.6781105324074075 0.043418332184700204 0.07352941176470586
