0 0.35176116147464925 0.75138385668277 0.10228197615420616 0.16086956521739132
0 0.5992622469269704 0.5195994596781872 0.06724511930585682 0.10025706940874034
0 0.9058421456977584 0.655203572788727 0.08315256688358635 0.08097686375321335
0 0.3639043293564715 0.2554606421974674 0.05639913232104122 0.11696658097686373
0 0.37258111894432394 0.15841694039798154 0.04916847433116415 0.09768637532133675
0 0.2941284797541576 0.2638153979815291 0.05856832971800433 0.09254498714652958
0 0.22905255784526393 0.15905961391983245 0.054229934924078106 0.12467866323907455
0 0.30569753253796095 0.11792850852137483 0.057122198120028916 0.13239074550128532
0 0.3639043293564715 0.05494650337998667 0.06796818510484458 0.09383033419023136
0 0.29810534164859 0.9701336820432257 0.060737527114967445 0.05788078406169672
