0 0.2753552935039891 0.8492100099818528 0.10105948226667559 0.1492754065472147
0 0.15566137924801157 0.6018616704751023 0.1012292118582791 0.11568123393316196
0 0.1733764913232104 0.7355377630200896 0.10195227765726679 0.12853470437018
0 0.1607228398409255 0.8994195110920689 0.11279826464208241 0.1632390745501285
0 0.817628118221258 0.6327099995239455 0.08315256688358635 0.10796915167095113
0 0.8342586315979754 0.3647151409121204 0.07881417208966018 0.12467866323907457
0 0.90692674439624 0.20019071931829002 0.10267534345625447 0.13753213367609254
0 0.8060590654374548 0.16227298152908692 0.06146059291395514 0.11568123393316194
0 0.7406216106290672 0.15905961391983242 0.052060737527114986 0.10154241645244215
0 0.8928269613159797 0.04468381057793011 0.10484454085321768 0.09121947300771208
0 0.9857409164859002 0.23875113062934403 0.027476500361532884 0.11696658097686373
0 0.9658566070137382 0.4636868632771589 0.06724511930585682 0.13239074550128532
0 0.9246418564714389 0.6282112848709892 0.08170643528561096 0.13239074550128535
0 0.8711349873463485 0.7599593568504237 0.0976138828633406 0.13110539845758354
0 0.7550829266088214 0.04018509592497382 0.05495300072306577 0.08222204370179949
0 0.6444538593637021 0.19440665762163192 0.05350686912509038 0.12596401028277635
0 0.602516043022415 0.27088480672188897 0.036153289949385346 0.07326478149100259
0 0.5551552331887202 0.34414958821289154 0.03976861894432394 0.06555269922879177
0 0.5294863973246565 0.3402935470817861 0.03759942154736079 0.06298200514138817
0 0.5157481471438901 0.43026784014091213 0.039045553145336184 0.08354755784061699
0 0.38161944143167037 0.4662575573645625 0.05567606652205352 0.09125964010282778
0 0.42211112617498187 0.515100745025231 0.04410701373825017 0.06298200514138823
