0 0.3525761822713714 0.2778331596878224 0.04767729892124463 0.08478264186693275
0 0.19283695609567608 0.6434128643042033 0.03708232702427795 0.0492754065472147
0 0.611337394683266 0.601746186580443 0.06805218461090318 0.11811596414317257
0 0.30734388977896415 0.3129780651098672 0.04767726161369191 0.0898550614066746
0 0.5720138537368837 0.8064563425650729 0.05623471882640582 0.09710149350373645
0 0.8368875169326546 0.7937751942018765 0.06927467849843368 0.11811596414317257
0 0.7515166813509194 0.8408766545343325 0.0664222176325642 0.1137682043987772
0 0.46626809515793727 0.6292824295215945 0.05175221636709199 0.10217391304347824
0 0.33260876967252123 0.5249346034346379 0.03708232702427795 0.06884062393851899
0 0.39108472107480774 0.37131143714302794 0.04237981297276132 0.05869565217391308
0 0.3884359967543425 0.04920996022493176 0.021597342269636322 0.049275373375934114
0 0.6237660701039758 0.7274708463757895 0.0399347505825947 0.08550726849099861
0 0.5038175614605929 0.8152292797296011 0.04555314533622561 0.07197943444730079
0 0.4560952187274041 0.8030184828144341 0.0368763557483731 0.0784061696658098
0 0.478871791395517 0.7368231100637913 0.04338394793926247 0.0668380462724936
0 0.4405493040491684 0.7464632128915549 0.020245842371655817 0.06555269922879177
0 0.6303540762834418 0.8582884056936113 0.055676066522053466 0.07326478149100261
0 0.6896454718004338 0.8017331357707321 0.05422993492407807 0.10154241645244222
0 0.6722918926247289 0.6892652694468246 0.05712219812002897 0.10282776349614393
0 0.7308602223427331 0.7348950894982386 0.04555314533622561 0.08354755784061699
0 0.7887054862617497 0.7143295367990098 0.05422993492407807 0.07069408740359896
0 0.7326678868402025 0.6449207964391127 0.05495300072306577 0.07069408740359896
0 0.6856686099060014 0.5954349352565933 0.03904555314533624 0.08483290488431881
0 0.6484307212581344 0.5549465033799867 0.04266088214027472 0.05526992287917738
0 0.6003468456254519 0.51445807150338 0.036153289949385346 0.051413881748072016
0 0.5670858188720175 0.6204992026087784 0.033261026753434564 0.09640102827763491
0 0.5670858188720173 0.7034040869275444 0.03470715835140995 0.04884318766066837
0 0.5327401934201013 0.7342524159763877 0.03976861894432394 0.0668380462724936
0 0.7351986171366593 0.5106020303722746 0.03976861894432394 0.05912596401028276
0 0.9814025216919738 0.6153578144339713 0.036153289949385346 0.08868894601542418
0 0.9485030278380332 0.4489053722745882 0.06724511930585682 0.10539845758354753
0 0.9850178506869125 0.39749149052651617 0.028922631959508276 0.09511568123393314
0 0.5309325289226319 0.5690853208607065 0.036153289949385346 0.06812339331619542
0 0.5265941341287057 0.6584169403979816 0.04772234273318876 0.06426735218508994
0 0.5981776482284888 0.3839953465676473 0.033261026753434564 0.06812339331619537
0 0.6289079446854664 0.37821128487098926 0.02096890817064351 0.04370179948586118
0 0.5981776482284888 0.3435069146910406 0.027476500361532884 0.05141388174807197
0 0.5717857465654375 0.34993364990954967 0.03976861894432394 0.059125964010282805
0 0.550816838394794 0.2753835213748453 0.02096890817064351 0.04370179948586118
0 0.40728827729573386 0.3036611563362849 0.03470715835140995 0.053984575835475564
0 0.34944301337671724 0.38720871417690184 0.030368763557483722 0.059125964010282805
0 0.28472862436731744 0.5697279943825575 0.02964569775849603 0.0616966580976864
0 0.2612289859002169 0.322298688469961 0.034707158351409986 0.08097686375321339
0 0.3147358550253073 0.2201135984956679 0.031814895155459176 0.061696658097686374
0 0.39788842190889373 0.24903390697895839 0.0361532899493854 0.07069408740359896
0 0.3736657176428055 0.1982626987527373 0.035430224150397704 0.05655526992287918
0 0.4004191522053507 0.18926526944682467 0.041214750542299325 0.05912596401028278
0 0.3479968817787419 0.14749149052651625 0.03904555314533624 0.06555269922879177
0 0.28472862436731744 0.13913673474245453 0.0368763557483731 0.07712082262210798
0 0.3143743221258134 0.017691522660192326 0.042660882140274775 0.037234897172236506
0 0.3161819866232827 0.11342979386841856 0.03759942154736079 0.05141388174807198
0 0.4481414949385394 0.5318102565933542 0.0368763557483731 0.08097686375321335
0 0.6278233459869847 0.3120159121203466 0.026030368763557493 0.037275064267352165
0 0.38451170462762113 0.14813416404836716 0.02386117136659435 0.061696658097686374
0 0.362458197758496 0.11664316147767304 0.033261026753434564 0.057840616966580966
0 0.582631733550253 0.290165012377416 0.03109182935647148 0.044987146529563
