0 0.4756405731673734 0.5807316827697263 0.04930722859203088 0.07608695652173912
0 0.36867235800844933 0.5274708132045088 0.039934825197700204 0.08695652173913045
0 0.3026576507742461 0.8053693860433337 0.04889975550122247 0.0949275804602581
0 0.10440990444889084 0.4209491072453547 0.04930722859203086 0.06811596414317257
0 0.4921442033414833 0.836166465378422 0.061124694376528114 0.10434782608695649
0 0.5208728096984515 0.7155142914653785 0.05745721271393644 0.0847826086956522
0 0.4598239942528735 0.7439423338779956 0.06551724137931032 0.125
0 0.5353412356321838 0.6452903730936819 0.040000000000000036 0.07720588235294118
0 0.524996408045977 0.5840158632897604 0.04827586206896554 0.06985294117647065
0 0.5432722701149425 0.5398982162309368 0.04482758620689656 0.07720588235294118
0 0.5036170977011494 0.5153884123093682 0.03310344827586208 0.06985294117647053
0 0.5094791666666666 0.4737217456427015 0.033793103448275845 0.06985294117647053
0 0.4646515804597701 0.45717762799564277 0.04482758620689656 0.06617647058823532
0 0.4843067528735632 0.9566797726034858 0.06620689655172415 0.08478860294117649
0 0.4036170977011494 0.9542287922113291 0.05931034482758619 0.08969056372549018
0 0.22223778735632183 0.9277658632897604 0.05517241379310344 0.1029411764705882
0 0.3422377873563218 0.9418590005446622 0.05517241379310344 0.10416666666666656
0 0.28637571839080456 0.9664836941721134 0.051034482758620686 0.06518075980392163
0 0.021892959770114944 0.6857315495642702 0.04482758620689655 0.07230392156862749
0 0.02016882183908046 0.5202903730936821 0.04 0.08455882352941181
0 0.4213880603759942 0.42769714605350856 0.041214750542299325 0.07583547557840616
0 0.4669412057122198 0.40648891983242885 0.04555314533622561 0.05655526992287916
0 0.19398386659436007 0.16227298152908695 0.024584237165582074 0.05398457583547559
0 0.01285588394793926 0.38463802008949827 0.025307302964569775 0.0334190231362468
0 0.17301495842371656 0.9694910085213748 0.05784526391901664 0.05916613110539854
