0 0.5846515804597701 0.8825376157407407 0.15793103448275864 0.23307291666666669
0 0.7801688218390804 0.33646684368191726 0.1737931034482758 0.3002450980392157
0 0.635341235632184 0.38793743191721136 0.13931034482758625 0.27328431372549017
0 0.04258261494252873 0.8905033020152505 0.08620689655172414 0.21714154411764713
0 0.24741020114942527 0.9052091843681918 0.10965517241379313 0.1877297794117647
0 0.3174102011494252 0.8395305691721132 0.053793103448275835 0.14460784313725486
0 0.33292744252873563 0.9430844907407407 0.05862068965517242 0.10661764705882351
0 0.35672054597701147 0.8162462554466231 0.07310344827586206 0.17647058823529416
0 0.3536170977011494 0.6673491966230938 0.060000000000000026 0.17279411764705885
0 0.36361709770114936 0.5386727260348584 0.06344827586206894 0.14338235294117643
0 0.3594791666666667 0.44430998093681917 0.0620689655172414 0.09436274509803919
0 0.341548132183908 0.39283939270152507 0.06344827586206894 0.10171568627450978
0 0.35982399425287354 0.35484919662309367 0.05862068965517242 0.10171568627450983
0 0.3329274425287356 0.2935746868191721 0.0462068965517241 0.12377450980392159
0 0.49189295977011493 0.38977566721132895 0.03999999999999997 0.1053921568627451
1 0.41878951149425286 0.40325605936819175 0.04551724137931033 0.10294117647058824
