0 0.8766185309698452 0.36551432463665906 0.1968215158924206 0.2746377032736074
0 0.7223805645955901 0.6752969333323112 0.1385492823817619 0.255072485882303
0 0.4974416892899666 0.8705867773476815 0.08231456355535602 0.139855028235394
0 0.488633179681851 0.6500621846139198 0.051337671728127234 0.12724935732647816
0 0.3931884942154736 0.6449207964391127 0.06579898770788144 0.10154241645244211
0 0.37185805314533626 0.5536611563362849 0.0361532899493854 0.09383033419023137
0 0.3942730929139552 0.47846835427972967 0.031814895155459176 0.07455012853470439
0 0.35558907266811274 0.44183596353422827 0.04410701373825017 0.08611825192802053
0 0.3096743944323934 0.5382369918118634 0.04338394793926247 0.09640102827763491
0 0.28111329537237884 0.6513475316576217 0.04844540853217646 0.10411311053984576
0 0.32883563810556754 0.7188282514519662 0.049891540130151846 0.07455012853470433
0 0.2648443148951555 0.7875943182900124 0.05061460592913954 0.12210796915167098
0 0.30244373644251626 0.8801393054365418 0.03904555314533624 0.07583547557840616
0 0.2630366503976862 0.9675629879558221 0.04266088214027475 0.06302217223650391
0 0.884873237527115 0.0915989776730458 0.22487346348517717 0.18504980719794345
